Restoring modules from user's standard_modules
parameter values for minimization:
K33 = 3.000000e+01
k24 = 5.000000e-01
Lambda = 1.000000e+00
d0 = 1.000000e+00
omega = 4.000000e+00
gamma_s = 4.000000e-02
initial guesses for R, eta, and delta:
guess for R = 5.000000e-01
guess for eta = 6.300000e+00
guess for delta = 8.100000e-01
estimated ranges of R, eta, and delta:
upper bound estimate of R = 2.000000e+00
lower bound estimate of R = 1.000000e-01
upper bound estimate of eta = 6.430000e+00
lower bound estimate of eta = 6.290000e+00
upper bound estimate of delta = 8.160000e-01
lower bound estimate of delta = 8.000000e-01
    iteration	            R	          eta	        delta	            E	         dEdR	       dEdeta	     dEddelta	    grad norm
x[1] = -2.631089e-01, x[2] = 6.311534e+00, x[3] = 8.099873e-01
something is too big or less than zero, so returning failed calculation.
a-alpha = -1.277913e-08, fpa = -1.723680e-08
a-alpha = 2.550797e-09, fpa = 7.010026e-10
a-alpha = -2.682478e-08, fpa = -5.609303e-09
a-alpha = -2.013935e-09, fpa = -3.721075e-08
a-alpha = 5.121345e-08, fpa = 2.393842e-09
a-alpha = -1.227201e-08, fpa = -1.790959e-08
a-alpha = 6.250000e-09, fpa = 1.301228e-09
a-alpha = -2.213620e-08, fpa = -9.928839e-09
a-alpha = 2.297524e-09, fpa = 2.204929e-10
a-alpha = 2.679605e-08, fpa = 3.330638e-09
a-alpha = 5.578401e-09, fpa = 9.841391e-10
a-alpha = 9.292735e-08, fpa = 5.643026e-10
a-alpha = -8.946491e-08, fpa = -2.132356e-10
a-alpha = 2.656602e-07, fpa = 1.600382e-10
a-alpha = 4.807149e-08, fpa = 1.432601e-10
a-alpha = -8.843361e-08, fpa = -1.508326e-09
a-alpha = -8.957859e-09, fpa = -1.852816e-09
a-alpha = -2.660188e-08, fpa = -4.799497e-09
a-alpha = -1.187500e-07, fpa = -6.596957e-10
a-alpha = -2.822177e-08, fpa = -7.787843e-09
a-alpha = -1.187500e-07, fpa = -1.430436e-10
a-alpha = -3.125000e-09, fpa = -5.602209e-09
a-alpha = -1.463722e-08, fpa = -1.074431e-09
a-alpha = 1.142549e-08, fpa = 1.317974e-09
a-alpha = -1.268029e-07, fpa = -1.172058e-09
Did not successfully find a minimum. Exceeded 100 iterations.
Ri is NAN, trying again with Rguess = 1.0
Traceback (most recent call last):
  File "scan2d.py", line 107, in <module>
    if abs(float(Rguess)-1.0)>1e-10:
NameError: name 'Rguess' is not defined
