Restoring modules from user's standard_modules
parameter values for minimization:
K33 = 3.000000e+01
k24 = 9.000000e-01
Lambda = 1.000000e+00
d0 = 1.000000e+00
omega = 5.000000e+00
gamma_s = 4.000000e-02
initial guesses for R, eta, and delta:
guess for R = 5.000000e-01
guess for eta = 6.300000e+00
guess for delta = 8.100000e-01
estimated ranges of R, eta, and delta:
upper bound estimate of R = 2.000000e+00
lower bound estimate of R = 1.000000e-01
upper bound estimate of eta = 6.430000e+00
lower bound estimate of eta = 6.290000e+00
upper bound estimate of delta = 8.160000e-01
lower bound estimate of delta = 8.000000e-01
    iteration	            R	          eta	        delta	            E	         dEdR	       dEdeta	     dEddelta	    grad norm
x[1] = -2.685549e-01, x[2] = 6.309368e+00, x[3] = 8.099879e-01
something is too big or less than zero, so returning failed calculation.
x[1] = -5.121285e-01, x[2] = 6.250552e+00, x[3] = 8.117146e-01
something is too big or less than zero, so returning failed calculation.
abserr is 1.838512e-08, but the convergence criterion CONV_min*(1+p->Escale) is 3.528785e-08!
abserr is 3.986356e-08, but the convergence criterion CONV_min*(1+p->Escale) is 3.528785e-08!
abserr is 1.838511e-08, but the convergence criterion CONV_min*(1+p->Escale) is 3.528785e-08!
abserr is 1.838360e-08, but the convergence criterion CONV_min*(1+p->Escale) is 3.528785e-08!
abserr is 2.913916e-08, but the convergence criterion CONV_min*(1+p->Escale) is 3.528785e-08!
abserr is 2.911382e-08, but the convergence criterion CONV_min*(1+p->Escale) is 3.528789e-08!
abserr is 2.911153e-08, but the convergence criterion CONV_min*(1+p->Escale) is 3.528789e-08!
abserr is 1.837902e-08, but the convergence criterion CONV_min*(1+p->Escale) is 3.528789e-08!
abserr is 1.837528e-08, but the convergence criterion CONV_min*(1+p->Escale) is 3.528789e-08!
abserr is 2.373924e-08, but the convergence criterion CONV_min*(1+p->Escale) is 3.528789e-08!
abserr is 3.448231e-08, but the convergence criterion CONV_min*(1+p->Escale) is 3.528789e-08!
abserr is 3.984698e-08, but the convergence criterion CONV_min*(1+p->Escale) is 3.528897e-08!
abserr is 3.989285e-08, but the convergence criterion CONV_min*(1+p->Escale) is 3.528928e-08!
abserr is 3.451550e-08, but the convergence criterion CONV_min*(1+p->Escale) is 3.528928e-08!
abserr is 1.839385e-08, but the convergence criterion CONV_min*(1+p->Escale) is 3.528928e-08!
abserr is 3.989446e-08, but the convergence criterion CONV_min*(1+p->Escale) is 3.528928e-08!
abserr is 2.913905e-08, but the convergence criterion CONV_min*(1+p->Escale) is 3.528928e-08!
abserr is 2.377011e-08, but the convergence criterion CONV_min*(1+p->Escale) is 3.528928e-08!
abserr is 2.914021e-08, but the convergence criterion CONV_min*(1+p->Escale) is 3.528928e-08!
abserr is 1.839384e-08, but the convergence criterion CONV_min*(1+p->Escale) is 3.528928e-08!
abserr is 1.839827e-08, but the convergence criterion CONV_min*(1+p->Escale) is 3.528928e-08!
abserr is 3.452106e-08, but the convergence criterion CONV_min*(1+p->Escale) is 3.528928e-08!
abserr is 2.377106e-08, but the convergence criterion CONV_min*(1+p->Escale) is 3.528928e-08!
abserr is 3.451275e-08, but the convergence criterion CONV_min*(1+p->Escale) is 3.528928e-08!
abserr is 1.839606e-08, but the convergence criterion CONV_min*(1+p->Escale) is 3.528928e-08!
abserr is 2.377582e-08, but the convergence criterion CONV_min*(1+p->Escale) is 3.528928e-08!
abserr is 3.451691e-08, but the convergence criterion CONV_min*(1+p->Escale) is 3.528928e-08!
abserr is 3.452244e-08, but the convergence criterion CONV_min*(1+p->Escale) is 3.528928e-08!
abserr is 2.376725e-08, but the convergence criterion CONV_min*(1+p->Escale) is 3.528928e-08!
abserr is 2.376629e-08, but the convergence criterion CONV_min*(1+p->Escale) is 3.528928e-08!
abserr is 1.839606e-08, but the convergence criterion CONV_min*(1+p->Escale) is 3.528928e-08!
abserr is 1.839237e-08, but the convergence criterion CONV_min*(1+p->Escale) is 3.528928e-08!
abserr is 2.376820e-08, but the convergence criterion CONV_min*(1+p->Escale) is 3.528928e-08!
abserr is 3.990086e-08, but the convergence criterion CONV_min*(1+p->Escale) is 3.528928e-08!
abserr is 3.451829e-08, but the convergence criterion CONV_min*(1+p->Escale) is 3.528928e-08!
abserr is 3.452244e-08, but the convergence criterion CONV_min*(1+p->Escale) is 3.528928e-08!
abserr is 3.989446e-08, but the convergence criterion CONV_min*(1+p->Escale) is 3.528928e-08!
abserr is 2.914372e-08, but the convergence criterion CONV_min*(1+p->Escale) is 3.528928e-08!
abserr is 2.376820e-08, but the convergence criterion CONV_min*(1+p->Escale) is 3.528928e-08!
abserr is 1.839680e-08, but the convergence criterion CONV_min*(1+p->Escale) is 3.528928e-08!
abserr is 2.376248e-08, but the convergence criterion CONV_min*(1+p->Escale) is 3.528928e-08!
abserr is 4.526380e-08, but the convergence criterion CONV_min*(1+p->Escale) is 3.528928e-08!
abserr is 3.989766e-08, but the convergence criterion CONV_min*(1+p->Escale) is 3.528928e-08!
abserr is 4.526015e-08, but the convergence criterion CONV_min*(1+p->Escale) is 3.528928e-08!
abserr is 2.913788e-08, but the convergence criterion CONV_min*(1+p->Escale) is 3.528928e-08!
abserr is 2.914956e-08, but the convergence criterion CONV_min*(1+p->Escale) is 3.528928e-08!
abserr is 2.377487e-08, but the convergence criterion CONV_min*(1+p->Escale) is 3.528928e-08!
abserr is 2.914839e-08, but the convergence criterion CONV_min*(1+p->Escale) is 3.528928e-08!
abserr is 1.839680e-08, but the convergence criterion CONV_min*(1+p->Escale) is 3.528928e-08!
abserr is 1.839311e-08, but the convergence criterion CONV_min*(1+p->Escale) is 3.528928e-08!
abserr is 3.989126e-08, but the convergence criterion CONV_min*(1+p->Escale) is 3.528928e-08!
abserr is 2.376152e-08, but the convergence criterion CONV_min*(1+p->Escale) is 3.528928e-08!
abserr is 2.376820e-08, but the convergence criterion CONV_min*(1+p->Escale) is 3.528928e-08!
abserr is 1.838942e-08, but the convergence criterion CONV_min*(1+p->Escale) is 3.528928e-08!
abserr is 1.839385e-08, but the convergence criterion CONV_min*(1+p->Escale) is 3.528928e-08!
abserr is 3.989606e-08, but the convergence criterion CONV_min*(1+p->Escale) is 3.528928e-08!
abserr is 2.377296e-08, but the convergence criterion CONV_min*(1+p->Escale) is 3.528928e-08!
abserr is 4.527468e-08, but the convergence criterion CONV_min*(1+p->Escale) is 3.528928e-08!
abserr is 2.376152e-08, but the convergence criterion CONV_min*(1+p->Escale) is 3.528928e-08!
abserr is 2.376820e-08, but the convergence criterion CONV_min*(1+p->Escale) is 3.528928e-08!
abserr is 4.526743e-08, but the convergence criterion CONV_min*(1+p->Escale) is 3.528928e-08!
abserr is 2.914372e-08, but the convergence criterion CONV_min*(1+p->Escale) is 3.528928e-08!
abserr is 1.839163e-08, but the convergence criterion CONV_min*(1+p->Escale) is 3.528928e-08!
abserr is 3.451691e-08, but the convergence criterion CONV_min*(1+p->Escale) is 3.528928e-08!
abserr is 1.839753e-08, but the convergence criterion CONV_min*(1+p->Escale) is 3.528928e-08!
abserr is 4.526743e-08, but the convergence criterion CONV_min*(1+p->Escale) is 3.528928e-08!
abserr is 3.989446e-08, but the convergence criterion CONV_min*(1+p->Escale) is 3.528928e-08!
abserr is 3.989126e-08, but the convergence criterion CONV_min*(1+p->Escale) is 3.528928e-08!
abserr is 5.063794e-08, but the convergence criterion CONV_min*(1+p->Escale) is 3.528928e-08!
abserr is 4.526743e-08, but the convergence criterion CONV_min*(1+p->Escale) is 3.528928e-08!
abserr is 2.913671e-08, but the convergence criterion CONV_min*(1+p->Escale) is 3.528928e-08!
a-alpha = 2.300323e-09, fpa = 4.803755e-08
abserr is 1.839458e-08, but the convergence criterion CONV_min*(1+p->Escale) is 3.528928e-08!
a-alpha = -4.430965e-09, fpa = -1.079135e-08
abserr is 2.376915e-08, but the convergence criterion CONV_min*(1+p->Escale) is 3.528928e-08!
abserr is 2.913671e-08, but the convergence criterion CONV_min*(1+p->Escale) is 3.528928e-08!
a-alpha = 4.388466e-08, fpa = 4.315314e-09
abserr is 1.839385e-08, but the convergence criterion CONV_min*(1+p->Escale) is 3.528928e-08!
a-alpha = -6.600038e-11, fpa = -4.007467e-07
abserr is 4.526198e-08, but the convergence criterion CONV_min*(1+p->Escale) is 3.528928e-08!
abserr is 2.914138e-08, but the convergence criterion CONV_min*(1+p->Escale) is 3.528928e-08!
abserr is 1.839458e-08, but the convergence criterion CONV_min*(1+p->Escale) is 3.528928e-08!
abserr is 3.452382e-08, but the convergence criterion CONV_min*(1+p->Escale) is 3.528928e-08!
a-alpha = 2.571755e-09, fpa = 4.447362e-09
abserr is 2.913320e-08, but the convergence criterion CONV_min*(1+p->Escale) is 3.528928e-08!
abserr is 3.989286e-08, but the convergence criterion CONV_min*(1+p->Escale) is 3.528928e-08!
abserr is 1.839606e-08, but the convergence criterion CONV_min*(1+p->Escale) is 3.528928e-08!
a-alpha = 1.157924e-09, fpa = 2.030086e-08
abserr is 3.451829e-08, but the convergence criterion CONV_min*(1+p->Escale) is 3.528928e-08!
abserr is 2.376629e-08, but the convergence criterion CONV_min*(1+p->Escale) is 3.528928e-08!
a-alpha = 1.451621e-09, fpa = 3.178978e-08
abserr is 3.451691e-08, but the convergence criterion CONV_min*(1+p->Escale) is 3.528928e-08!
a-alpha = -2.669703e-09, fpa = -2.196401e-08
abserr is 2.913320e-08, but the convergence criterion CONV_min*(1+p->Escale) is 3.528928e-08!
abserr is 1.839311e-08, but the convergence criterion CONV_min*(1+p->Escale) is 3.528928e-08!
a-alpha = 6.250000e-09, fpa = 9.122535e-09
abserr is 2.376534e-08, but the convergence criterion CONV_min*(1+p->Escale) is 3.528928e-08!
abserr is 3.451137e-08, but the convergence criterion CONV_min*(1+p->Escale) is 3.528928e-08!
a-alpha = 1.106251e-08, fpa = 6.802284e-09
abserr is 5.064200e-08, but the convergence criterion CONV_min*(1+p->Escale) is 3.528928e-08!
a-alpha = 1.240686e-08, fpa = 8.222085e-09
abserr is 1.839606e-08, but the convergence criterion CONV_min*(1+p->Escale) is 3.528928e-08!
abserr is 1.839016e-08, but the convergence criterion CONV_min*(1+p->Escale) is 3.528928e-08!
abserr is 2.376915e-08, but the convergence criterion CONV_min*(1+p->Escale) is 3.528928e-08!
abserr is 1.839311e-08, but the convergence criterion CONV_min*(1+p->Escale) is 3.528928e-08!
abserr is 2.376439e-08, but the convergence criterion CONV_min*(1+p->Escale) is 3.528928e-08!
a-alpha = -1.045983e-08, fpa = -6.906273e-09
abserr is 2.376915e-08, but the convergence criterion CONV_min*(1+p->Escale) is 3.528928e-08!
abserr is 1.839385e-08, but the convergence criterion CONV_min*(1+p->Escale) is 3.528928e-08!
a-alpha = 4.090472e-09, fpa = 7.014882e-09
abserr is 1.839385e-08, but the convergence criterion CONV_min*(1+p->Escale) is 3.528928e-08!
a-alpha = -1.197052e-08, fpa = -5.679120e-09
abserr is 3.450998e-08, but the convergence criterion CONV_min*(1+p->Escale) is 3.528928e-08!
abserr is 3.450860e-08, but the convergence criterion CONV_min*(1+p->Escale) is 3.528928e-08!
abserr is 1.839385e-08, but the convergence criterion CONV_min*(1+p->Escale) is 3.528928e-08!
abserr is 3.451137e-08, but the convergence criterion CONV_min*(1+p->Escale) is 3.528928e-08!
abserr is 1.839532e-08, but the convergence criterion CONV_min*(1+p->Escale) is 3.528928e-08!
abserr is 1.839532e-08, but the convergence criterion CONV_min*(1+p->Escale) is 3.528928e-08!
abserr is 1.839237e-08, but the convergence criterion CONV_min*(1+p->Escale) is 3.528928e-08!
abserr is 1.839311e-08, but the convergence criterion CONV_min*(1+p->Escale) is 3.528928e-08!
abserr is 3.452383e-08, but the convergence criterion CONV_min*(1+p->Escale) is 3.528928e-08!
abserr is 1.839459e-08, but the convergence criterion CONV_min*(1+p->Escale) is 3.528928e-08!
abserr is 1.839311e-08, but the convergence criterion CONV_min*(1+p->Escale) is 3.528928e-08!
abserr is 3.450444e-08, but the convergence criterion CONV_min*(1+p->Escale) is 3.528928e-08!
a-alpha = -2.139988e-07, fpa = -9.200818e-10
abserr is 2.376820e-08, but the convergence criterion CONV_min*(1+p->Escale) is 3.528928e-08!
abserr is 3.989125e-08, but the convergence criterion CONV_min*(1+p->Escale) is 3.528928e-08!
abserr is 1.839606e-08, but the convergence criterion CONV_min*(1+p->Escale) is 3.528928e-08!
abserr is 3.989446e-08, but the convergence criterion CONV_min*(1+p->Escale) is 3.528928e-08!
abserr is 1.839754e-08, but the convergence criterion CONV_min*(1+p->Escale) is 3.528928e-08!
abserr is 3.451829e-08, but the convergence criterion CONV_min*(1+p->Escale) is 3.528928e-08!
abserr is 1.839606e-08, but the convergence criterion CONV_min*(1+p->Escale) is 3.528928e-08!
abserr is 2.914255e-08, but the convergence criterion CONV_min*(1+p->Escale) is 3.528928e-08!
abserr is 2.914722e-08, but the convergence criterion CONV_min*(1+p->Escale) is 3.528928e-08!
a-alpha = 2.659446e-08, fpa = 1.323184e-09
abserr is 4.526378e-08, but the convergence criterion CONV_min*(1+p->Escale) is 3.528928e-08!
abserr is 3.451552e-08, but the convergence criterion CONV_min*(1+p->Escale) is 3.528928e-08!
abserr is 2.913904e-08, but the convergence criterion CONV_min*(1+p->Escale) is 3.528928e-08!
abserr is 2.376534e-08, but the convergence criterion CONV_min*(1+p->Escale) is 3.528928e-08!
abserr is 3.989125e-08, but the convergence criterion CONV_min*(1+p->Escale) is 3.528928e-08!
abserr is 1.839385e-08, but the convergence criterion CONV_min*(1+p->Escale) is 3.528928e-08!
abserr is 2.913788e-08, but the convergence criterion CONV_min*(1+p->Escale) is 3.528928e-08!
a-alpha = -4.330047e-09, fpa = -4.705109e-08
abserr is 2.914723e-08, but the convergence criterion CONV_min*(1+p->Escale) is 3.528928e-08!
abserr is 3.452660e-08, but the convergence criterion CONV_min*(1+p->Escale) is 3.528928e-08!
abserr is 4.528014e-08, but the convergence criterion CONV_min*(1+p->Escale) is 3.528928e-08!
a-alpha = 1.219824e-10, fpa = 1.250671e-06
abserr is 3.451414e-08, but the convergence criterion CONV_min*(1+p->Escale) is 3.528928e-08!
abserr is 5.602106e-08, but the convergence criterion CONV_min*(1+p->Escale) is 3.528928e-08!
a-alpha = -1.550511e-09, fpa = -2.864147e-08
abserr is 3.988806e-08, but the convergence criterion CONV_min*(1+p->Escale) is 3.528928e-08!
a-alpha = -1.611053e-09, fpa = -1.742758e-08
abserr is 2.377011e-08, but the convergence criterion CONV_min*(1+p->Escale) is 3.528928e-08!
a-alpha = -4.999750e-10, fpa = -5.615629e-08
abserr is 4.527469e-08, but the convergence criterion CONV_min*(1+p->Escale) is 3.528928e-08!
abserr is 2.914021e-08, but the convergence criterion CONV_min*(1+p->Escale) is 3.528928e-08!
a-alpha = -1.067853e-07, fpa = -3.747901e-10
abserr is 3.451691e-08, but the convergence criterion CONV_min*(1+p->Escale) is 3.528928e-08!
abserr is 5.063997e-08, but the convergence criterion CONV_min*(1+p->Escale) is 3.528928e-08!
a-alpha = 1.011361e-09, fpa = 1.596899e-08
abserr is 1.839163e-08, but the convergence criterion CONV_min*(1+p->Escale) is 3.528928e-08!
abserr is 1.839311e-08, but the convergence criterion CONV_min*(1+p->Escale) is 3.528928e-08!
abserr is 2.914957e-08, but the convergence criterion CONV_min*(1+p->Escale) is 3.528928e-08!
a-alpha = 1.449373e-09, fpa = 1.535217e-08
abserr is 1.839458e-08, but the convergence criterion CONV_min*(1+p->Escale) is 3.528928e-08!
a-alpha = 6.250441e-10, fpa = 6.399362e-08
abserr is 1.839753e-08, but the convergence criterion CONV_min*(1+p->Escale) is 3.528928e-08!
abserr is 2.913905e-08, but the convergence criterion CONV_min*(1+p->Escale) is 3.528928e-08!
abserr is 2.376725e-08, but the convergence criterion CONV_min*(1+p->Escale) is 3.528928e-08!
a-alpha = 1.112046e-09, fpa = 6.402341e-08
abserr is 1.839016e-08, but the convergence criterion CONV_min*(1+p->Escale) is 3.528928e-08!
abserr is 1.839311e-08, but the convergence criterion CONV_min*(1+p->Escale) is 3.528928e-08!
abserr is 2.914606e-08, but the convergence criterion CONV_min*(1+p->Escale) is 3.528928e-08!
abserr is 5.063996e-08, but the convergence criterion CONV_min*(1+p->Escale) is 3.528928e-08!
abserr is 2.913905e-08, but the convergence criterion CONV_min*(1+p->Escale) is 3.528928e-08!
abserr is 2.377392e-08, but the convergence criterion CONV_min*(1+p->Escale) is 3.528928e-08!
abserr is 5.600758e-08, but the convergence criterion CONV_min*(1+p->Escale) is 3.528928e-08!
a-alpha = -4.531104e-08, fpa = -1.117342e-09
abserr is 2.914138e-08, but the convergence criterion CONV_min*(1+p->Escale) is 3.528928e-08!
abserr is 3.452244e-08, but the convergence criterion CONV_min*(1+p->Escale) is 3.528928e-08!
abserr is 3.450444e-08, but the convergence criterion CONV_min*(1+p->Escale) is 3.528928e-08!
a-alpha = 5.527297e-07, fpa = 3.982990e-10
abserr is 1.839532e-08, but the convergence criterion CONV_min*(1+p->Escale) is 3.528928e-08!
a-alpha = 1.768376e-09, fpa = 8.131102e-09
abserr is 3.989286e-08, but the convergence criterion CONV_min*(1+p->Escale) is 3.528928e-08!
abserr is 1.839827e-08, but the convergence criterion CONV_min*(1+p->Escale) is 3.528928e-08!
abserr is 2.377106e-08, but the convergence criterion CONV_min*(1+p->Escale) is 3.528928e-08!
abserr is 5.062981e-08, but the convergence criterion CONV_min*(1+p->Escale) is 3.528928e-08!
abserr is 2.377011e-08, but the convergence criterion CONV_min*(1+p->Escale) is 3.528928e-08!
a-alpha = 6.779826e-08, fpa = 1.237100e-09
abserr is 3.451137e-08, but the convergence criterion CONV_min*(1+p->Escale) is 3.528928e-08!
abserr is 2.376629e-08, but the convergence criterion CONV_min*(1+p->Escale) is 3.528928e-08!
abserr is 1.838794e-08, but the convergence criterion CONV_min*(1+p->Escale) is 3.528928e-08!
a-alpha = 1.426236e-08, fpa = 5.687854e-09
abserr is 5.062981e-08, but the convergence criterion CONV_min*(1+p->Escale) is 3.528928e-08!
abserr is 2.913554e-08, but the convergence criterion CONV_min*(1+p->Escale) is 3.528928e-08!
abserr is 3.450583e-08, but the convergence criterion CONV_min*(1+p->Escale) is 3.528928e-08!
abserr is 2.914138e-08, but the convergence criterion CONV_min*(1+p->Escale) is 3.528928e-08!
abserr is 2.376248e-08, but the convergence criterion CONV_min*(1+p->Escale) is 3.528928e-08!
abserr is 5.063997e-08, but the convergence criterion CONV_min*(1+p->Escale) is 3.528928e-08!
abserr is 2.376820e-08, but the convergence criterion CONV_min*(1+p->Escale) is 3.528928e-08!
a-alpha = 1.792143e-08, fpa = 9.035851e-10
abserr is 1.839385e-08, but the convergence criterion CONV_min*(1+p->Escale) is 3.528928e-08!
abserr is 3.450860e-08, but the convergence criterion CONV_min*(1+p->Escale) is 3.528928e-08!
abserr is 2.914489e-08, but the convergence criterion CONV_min*(1+p->Escale) is 3.528928e-08!
abserr is 3.988486e-08, but the convergence criterion CONV_min*(1+p->Escale) is 3.528928e-08!
a-alpha = 3.015532e-08, fpa = 1.916546e-09
abserr is 4.525290e-08, but the convergence criterion CONV_min*(1+p->Escale) is 3.528928e-08!
abserr is 2.914021e-08, but the convergence criterion CONV_min*(1+p->Escale) is 3.528928e-08!
abserr is 3.988646e-08, but the convergence criterion CONV_min*(1+p->Escale) is 3.528928e-08!
abserr is 1.839311e-08, but the convergence criterion CONV_min*(1+p->Escale) is 3.528928e-08!
abserr is 2.376629e-08, but the convergence criterion CONV_min*(1+p->Escale) is 3.528928e-08!
abserr is 2.914138e-08, but the convergence criterion CONV_min*(1+p->Escale) is 3.528928e-08!
a-alpha = 7.414848e-08, fpa = 1.281595e-09
abserr is 6.675766e-08, but the convergence criterion CONV_min*(1+p->Escale) is 3.528928e-08!
abserr is 5.064200e-08, but the convergence criterion CONV_min*(1+p->Escale) is 3.528928e-08!
a-alpha = -1.107173e-07, fpa = -1.238374e-09
Did not successfully find a minimum. Exceeded 100 iterations.
Ri is NAN, trying again with Rguess = 1.0
Traceback (most recent call last):
  File "scan2d.py", line 107, in <module>
    if abs(float(Rguess)-1.0)>1e-10:
NameError: name 'Rguess' is not defined
