Restoring modules from user's standard_modules
parameter values for minimization:
K33 = 3.000000e+01
k24 = 9.000000e-01
Lambda = 1.000000e+00
d0 = 1.000000e+00
omega = 1.000000e+00
gamma_s = 4.000000e-02
initial guesses for R, eta, and delta:
guess for R = 5.000000e-01
guess for eta = 6.300000e+00
guess for delta = 8.100000e-01
estimated ranges of R, eta, and delta:
upper bound estimate of R = 2.000000e+00
lower bound estimate of R = 1.000000e-01
upper bound estimate of eta = 6.430000e+00
lower bound estimate of eta = 6.290000e+00
upper bound estimate of delta = 8.160000e-01
lower bound estimate of delta = 8.000000e-01
    iteration	            R	          eta	        delta	            E	         dEdR	       dEdeta	     dEddelta	    grad norm
x[1] = -2.685542e-01, x[2] = 6.309368e+00, x[3] = 8.099853e-01
something is too big or less than zero, so returning failed calculation.
x[1] = -5.253447e-01, x[2] = 6.249232e+00, x[3] = 8.100333e-01
something is too big or less than zero, so returning failed calculation.
abserr is 3.597326e-08, but the convergence criterion CONV_min*(1+p->Escale) is 2.862286e-08!
abserr is 1.812638e-08, but the convergence criterion CONV_min*(1+p->Escale) is 2.862286e-08!
abserr is 1.813438e-08, but the convergence criterion CONV_min*(1+p->Escale) is 2.862286e-08!
abserr is 3.004016e-08, but the convergence criterion CONV_min*(1+p->Escale) is 2.862286e-08!
abserr is 1.813436e-08, but the convergence criterion CONV_min*(1+p->Escale) is 2.862290e-08!
abserr is 4.788298e-08, but the convergence criterion CONV_min*(1+p->Escale) is 2.862290e-08!
abserr is 2.409258e-08, but the convergence criterion CONV_min*(1+p->Escale) is 2.862290e-08!
abserr is 2.407808e-08, but the convergence criterion CONV_min*(1+p->Escale) is 2.862290e-08!
abserr is 1.813072e-08, but the convergence criterion CONV_min*(1+p->Escale) is 2.862290e-08!
abserr is 4.788488e-08, but the convergence criterion CONV_min*(1+p->Escale) is 2.862290e-08!
abserr is 1.813508e-08, but the convergence criterion CONV_min*(1+p->Escale) is 2.862290e-08!
abserr is 3.003292e-08, but the convergence criterion CONV_min*(1+p->Escale) is 2.862290e-08!
abserr is 3.003895e-08, but the convergence criterion CONV_min*(1+p->Escale) is 2.862290e-08!
abserr is 2.407614e-08, but the convergence criterion CONV_min*(1+p->Escale) is 2.862290e-08!
abserr is 1.813144e-08, but the convergence criterion CONV_min*(1+p->Escale) is 2.862290e-08!
abserr is 2.408000e-08, but the convergence criterion CONV_min*(1+p->Escale) is 2.862290e-08!
abserr is 3.003893e-08, but the convergence criterion CONV_min*(1+p->Escale) is 2.862290e-08!
abserr is 3.003652e-08, but the convergence criterion CONV_min*(1+p->Escale) is 2.862290e-08!
abserr is 2.408387e-08, but the convergence criterion CONV_min*(1+p->Escale) is 2.862290e-08!
abserr is 1.813581e-08, but the convergence criterion CONV_min*(1+p->Escale) is 2.862290e-08!
abserr is 3.003411e-08, but the convergence criterion CONV_min*(1+p->Escale) is 2.862290e-08!
abserr is 2.408768e-08, but the convergence criterion CONV_min*(1+p->Escale) is 2.862290e-08!
abserr is 2.408285e-08, but the convergence criterion CONV_min*(1+p->Escale) is 2.862290e-08!
abserr is 3.004123e-08, but the convergence criterion CONV_min*(1+p->Escale) is 2.862290e-08!
abserr is 4.194447e-08, but the convergence criterion CONV_min*(1+p->Escale) is 2.862290e-08!
abserr is 1.813072e-08, but the convergence criterion CONV_min*(1+p->Escale) is 2.862290e-08!
abserr is 2.408773e-08, but the convergence criterion CONV_min*(1+p->Escale) is 2.862290e-08!
abserr is 2.408287e-08, but the convergence criterion CONV_min*(1+p->Escale) is 2.862290e-08!
abserr is 2.407997e-08, but the convergence criterion CONV_min*(1+p->Escale) is 2.862290e-08!
abserr is 7.168587e-08, but the convergence criterion CONV_min*(1+p->Escale) is 2.862290e-08!
abserr is 1.813072e-08, but the convergence criterion CONV_min*(1+p->Escale) is 2.862290e-08!
abserr is 1.813363e-08, but the convergence criterion CONV_min*(1+p->Escale) is 2.862290e-08!
abserr is 1.813436e-08, but the convergence criterion CONV_min*(1+p->Escale) is 2.862290e-08!
abserr is 2.408678e-08, but the convergence criterion CONV_min*(1+p->Escale) is 2.862290e-08!
abserr is 2.408581e-08, but the convergence criterion CONV_min*(1+p->Escale) is 2.862290e-08!
abserr is 1.813363e-08, but the convergence criterion CONV_min*(1+p->Escale) is 2.862290e-08!
abserr is 2.408485e-08, but the convergence criterion CONV_min*(1+p->Escale) is 2.862290e-08!
abserr is 1.813435e-08, but the convergence criterion CONV_min*(1+p->Escale) is 2.862290e-08!
abserr is 5.385242e-08, but the convergence criterion CONV_min*(1+p->Escale) is 2.862290e-08!
abserr is 2.408871e-08, but the convergence criterion CONV_min*(1+p->Escale) is 2.862290e-08!
abserr is 2.408383e-08, but the convergence criterion CONV_min*(1+p->Escale) is 2.862290e-08!
abserr is 2.408291e-08, but the convergence criterion CONV_min*(1+p->Escale) is 2.862290e-08!
abserr is 4.789834e-08, but the convergence criterion CONV_min*(1+p->Escale) is 2.862290e-08!
abserr is 3.003165e-08, but the convergence criterion CONV_min*(1+p->Escale) is 2.862290e-08!
abserr is 2.408579e-08, but the convergence criterion CONV_min*(1+p->Escale) is 2.862290e-08!
abserr is 2.408388e-08, but the convergence criterion CONV_min*(1+p->Escale) is 2.862290e-08!
abserr is 1.812999e-08, but the convergence criterion CONV_min*(1+p->Escale) is 2.862290e-08!
abserr is 3.003052e-08, but the convergence criterion CONV_min*(1+p->Escale) is 2.862290e-08!
abserr is 4.788297e-08, but the convergence criterion CONV_min*(1+p->Escale) is 2.862290e-08!
abserr is 2.408098e-08, but the convergence criterion CONV_min*(1+p->Escale) is 2.862290e-08!
abserr is 2.408871e-08, but the convergence criterion CONV_min*(1+p->Escale) is 2.862290e-08!
a-alpha = -2.357536e-09, fpa = -6.281664e-08
abserr is 2.409548e-08, but the convergence criterion CONV_min*(1+p->Escale) is 2.862290e-08!
abserr is 3.004498e-08, but the convergence criterion CONV_min*(1+p->Escale) is 2.862290e-08!
abserr is 1.813072e-08, but the convergence criterion CONV_min*(1+p->Escale) is 2.862290e-08!
a-alpha = -7.558613e-11, fpa = -4.655257e-07
abserr is 4.192791e-08, but the convergence criterion CONV_min*(1+p->Escale) is 2.862290e-08!
abserr is 3.598149e-08, but the convergence criterion CONV_min*(1+p->Escale) is 2.862290e-08!
abserr is 1.813363e-08, but the convergence criterion CONV_min*(1+p->Escale) is 2.862290e-08!
abserr is 2.408871e-08, but the convergence criterion CONV_min*(1+p->Escale) is 2.862290e-08!
abserr is 3.004016e-08, but the convergence criterion CONV_min*(1+p->Escale) is 2.862290e-08!
abserr is 2.409548e-08, but the convergence criterion CONV_min*(1+p->Escale) is 2.862290e-08!
a-alpha = 3.260353e-09, fpa = 2.221354e-08
abserr is 2.408388e-08, but the convergence criterion CONV_min*(1+p->Escale) is 2.862290e-08!
abserr is 2.408292e-08, but the convergence criterion CONV_min*(1+p->Escale) is 2.862290e-08!
a-alpha = -8.623802e-09, fpa = -2.377372e-08
abserr is 3.003052e-08, but the convergence criterion CONV_min*(1+p->Escale) is 2.862290e-08!
abserr is 3.597572e-08, but the convergence criterion CONV_min*(1+p->Escale) is 2.862290e-08!
a-alpha = 5.551957e-09, fpa = 2.776793e-10
abserr is 3.003414e-08, but the convergence criterion CONV_min*(1+p->Escale) is 2.862290e-08!
abserr is 1.813290e-08, but the convergence criterion CONV_min*(1+p->Escale) is 2.862290e-08!
abserr is 5.382867e-08, but the convergence criterion CONV_min*(1+p->Escale) is 2.862290e-08!
a-alpha = 1.269986e-08, fpa = 9.728953e-09
abserr is 3.003172e-08, but the convergence criterion CONV_min*(1+p->Escale) is 2.862290e-08!
abserr is 2.409258e-08, but the convergence criterion CONV_min*(1+p->Escale) is 2.862290e-08!
a-alpha = 6.250000e-09, fpa = 8.204245e-09
abserr is 1.813290e-08, but the convergence criterion CONV_min*(1+p->Escale) is 2.862290e-08!
a-alpha = 3.378984e-09, fpa = 1.675330e-08
abserr is 1.813435e-08, but the convergence criterion CONV_min*(1+p->Escale) is 2.862290e-08!
a-alpha = -3.168958e-09, fpa = -2.360207e-08
abserr is 4.789258e-08, but the convergence criterion CONV_min*(1+p->Escale) is 2.862290e-08!
abserr is 1.813508e-08, but the convergence criterion CONV_min*(1+p->Escale) is 2.862290e-08!
a-alpha = -1.072870e-07, fpa = -1.268586e-09
a-alpha = -9.490463e-10, fpa = -8.066708e-08
abserr is 4.789066e-08, but the convergence criterion CONV_min*(1+p->Escale) is 2.862290e-08!
a-alpha = -1.122505e-07, fpa = -1.171325e-09
abserr is 4.193801e-08, but the convergence criterion CONV_min*(1+p->Escale) is 2.862290e-08!
a-alpha = -3.305414e-09, fpa = -1.229204e-08
abserr is 4.192623e-08, but the convergence criterion CONV_min*(1+p->Escale) is 2.862290e-08!
abserr is 3.599305e-08, but the convergence criterion CONV_min*(1+p->Escale) is 2.862290e-08!
a-alpha = 6.294386e-09, fpa = 3.320300e-09
abserr is 2.407518e-08, but the convergence criterion CONV_min*(1+p->Escale) is 2.862290e-08!
a-alpha = -5.718834e-10, fpa = -2.409621e-08
abserr is 1.813363e-08, but the convergence criterion CONV_min*(1+p->Escale) is 2.862290e-08!
a-alpha = -2.388843e-09, fpa = -2.419321e-08
abserr is 3.598728e-08, but the convergence criterion CONV_min*(1+p->Escale) is 2.862290e-08!
abserr is 4.193632e-08, but the convergence criterion CONV_min*(1+p->Escale) is 2.862290e-08!
abserr is 1.813872e-08, but the convergence criterion CONV_min*(1+p->Escale) is 2.862290e-08!
a-alpha = 7.499534e-11, fpa = 1.655405e-07
abserr is 1.813290e-08, but the convergence criterion CONV_min*(1+p->Escale) is 2.862290e-08!
abserr is 2.408485e-08, but the convergence criterion CONV_min*(1+p->Escale) is 2.862290e-08!
a-alpha = -1.885854e-09, fpa = -2.215208e-08
abserr is 3.598872e-08, but the convergence criterion CONV_min*(1+p->Escale) is 2.862290e-08!
abserr is 3.003896e-08, but the convergence criterion CONV_min*(1+p->Escale) is 2.862290e-08!
a-alpha = 3.262984e-09, fpa = 3.196076e-09
abserr is 2.408388e-08, but the convergence criterion CONV_min*(1+p->Escale) is 2.862290e-08!
a-alpha = 1.287707e-08, fpa = 1.393800e-09
abserr is 1.813581e-08, but the convergence criterion CONV_min*(1+p->Escale) is 2.862290e-08!
a-alpha = -1.713512e-09, fpa = -4.146705e-08
abserr is 3.004137e-08, but the convergence criterion CONV_min*(1+p->Escale) is 2.862290e-08!
abserr is 4.193969e-08, but the convergence criterion CONV_min*(1+p->Escale) is 2.862290e-08!
a-alpha = -1.151288e-07, fpa = -4.328678e-10
abserr is 3.598295e-08, but the convergence criterion CONV_min*(1+p->Escale) is 2.862290e-08!
abserr is 2.408388e-08, but the convergence criterion CONV_min*(1+p->Escale) is 2.862290e-08!
a-alpha = -4.807102e-09, fpa = -1.674493e-08
abserr is 5.980700e-08, but the convergence criterion CONV_min*(1+p->Escale) is 2.862290e-08!
abserr is 3.599161e-08, but the convergence criterion CONV_min*(1+p->Escale) is 2.862290e-08!
a-alpha = 1.750516e-09, fpa = 2.321092e-08
abserr is 3.003293e-08, but the convergence criterion CONV_min*(1+p->Escale) is 2.862290e-08!
abserr is 1.813435e-08, but the convergence criterion CONV_min*(1+p->Escale) is 2.862290e-08!
abserr is 3.599016e-08, but the convergence criterion CONV_min*(1+p->Escale) is 2.862290e-08!
abserr is 5.979740e-08, but the convergence criterion CONV_min*(1+p->Escale) is 2.862290e-08!
abserr is 7.169454e-08, but the convergence criterion CONV_min*(1+p->Escale) is 2.862290e-08!
abserr is 2.409258e-08, but the convergence criterion CONV_min*(1+p->Escale) is 2.862290e-08!
a-alpha = 2.376720e-08, fpa = 1.749853e-09
abserr is 2.407711e-08, but the convergence criterion CONV_min*(1+p->Escale) is 2.862290e-08!
abserr is 3.598439e-08, but the convergence criterion CONV_min*(1+p->Escale) is 2.862290e-08!
abserr is 2.408485e-08, but the convergence criterion CONV_min*(1+p->Escale) is 2.862290e-08!
abserr is 3.599305e-08, but the convergence criterion CONV_min*(1+p->Escale) is 2.862290e-08!
abserr is 2.408871e-08, but the convergence criterion CONV_min*(1+p->Escale) is 2.862290e-08!
a-alpha = 2.771237e-09, fpa = 2.375045e-08
abserr is 3.004256e-08, but the convergence criterion CONV_min*(1+p->Escale) is 2.862290e-08!
abserr is 1.813363e-08, but the convergence criterion CONV_min*(1+p->Escale) is 2.862290e-08!
abserr is 3.598006e-08, but the convergence criterion CONV_min*(1+p->Escale) is 2.862290e-08!
abserr is 3.599161e-08, but the convergence criterion CONV_min*(1+p->Escale) is 2.862290e-08!
a-alpha = 1.536806e-08, fpa = 2.110168e-09
abserr is 3.597861e-08, but the convergence criterion CONV_min*(1+p->Escale) is 2.862290e-08!
abserr is 2.407808e-08, but the convergence criterion CONV_min*(1+p->Escale) is 2.862290e-08!
a-alpha = -1.459829e-08, fpa = -3.648593e-09
abserr is 4.194138e-08, but the convergence criterion CONV_min*(1+p->Escale) is 2.862290e-08!
a-alpha = 9.995164e-10, fpa = 3.619911e-08
abserr is 2.408098e-08, but the convergence criterion CONV_min*(1+p->Escale) is 2.862290e-08!
abserr is 4.193296e-08, but the convergence criterion CONV_min*(1+p->Escale) is 2.862290e-08!
a-alpha = -2.722020e-09, fpa = -1.401814e-08
abserr is 3.003293e-08, but the convergence criterion CONV_min*(1+p->Escale) is 2.862290e-08!
a-alpha = -9.354781e-10, fpa = -2.288517e-08
abserr is 2.408968e-08, but the convergence criterion CONV_min*(1+p->Escale) is 2.862290e-08!
abserr is 4.786567e-08, but the convergence criterion CONV_min*(1+p->Escale) is 2.862290e-08!
a-alpha = 6.250000e-09, fpa = 1.653335e-09
abserr is 3.002931e-08, but the convergence criterion CONV_min*(1+p->Escale) is 2.862290e-08!
abserr is 4.193632e-08, but the convergence criterion CONV_min*(1+p->Escale) is 2.862290e-08!
abserr is 1.813654e-08, but the convergence criterion CONV_min*(1+p->Escale) is 2.862290e-08!
a-alpha = 3.040909e-09, fpa = 8.250319e-09
abserr is 1.813581e-08, but the convergence criterion CONV_min*(1+p->Escale) is 2.862290e-08!
a-alpha = 9.225723e-09, fpa = 2.047185e-09
abserr is 1.813363e-08, but the convergence criterion CONV_min*(1+p->Escale) is 2.862290e-08!
abserr is 1.813436e-08, but the convergence criterion CONV_min*(1+p->Escale) is 2.862290e-08!
abserr is 4.193296e-08, but the convergence criterion CONV_min*(1+p->Escale) is 2.862290e-08!
a-alpha = 9.628525e-09, fpa = 2.298264e-09
abserr is 2.408968e-08, but the convergence criterion CONV_min*(1+p->Escale) is 2.862290e-08!
abserr is 2.408195e-08, but the convergence criterion CONV_min*(1+p->Escale) is 2.862290e-08!
abserr is 3.599161e-08, but the convergence criterion CONV_min*(1+p->Escale) is 2.862290e-08!
a-alpha = -2.461655e-09, fpa = -5.775773e-08
abserr is 1.813290e-08, but the convergence criterion CONV_min*(1+p->Escale) is 2.862290e-08!
abserr is 1.812926e-08, but the convergence criterion CONV_min*(1+p->Escale) is 2.862290e-08!
a-alpha = 1.693201e-08, fpa = 1.646296e-09
abserr is 3.003655e-08, but the convergence criterion CONV_min*(1+p->Escale) is 2.862290e-08!
abserr is 2.407905e-08, but the convergence criterion CONV_min*(1+p->Escale) is 2.862290e-08!
a-alpha = 1.912534e-08, fpa = 8.919743e-09
abserr is 2.407808e-08, but the convergence criterion CONV_min*(1+p->Escale) is 2.862290e-08!
abserr is 1.813799e-08, but the convergence criterion CONV_min*(1+p->Escale) is 2.862290e-08!
a-alpha = 7.365933e-10, fpa = 1.820139e-08
abserr is 1.813945e-08, but the convergence criterion CONV_min*(1+p->Escale) is 2.862290e-08!
abserr is 2.408388e-08, but the convergence criterion CONV_min*(1+p->Escale) is 2.862290e-08!
abserr is 4.789066e-08, but the convergence criterion CONV_min*(1+p->Escale) is 2.862290e-08!
abserr is 1.813290e-08, but the convergence criterion CONV_min*(1+p->Escale) is 2.862290e-08!
a-alpha = -1.296909e-08, fpa = -5.487250e-09
abserr is 3.599016e-08, but the convergence criterion CONV_min*(1+p->Escale) is 2.862290e-08!
abserr is 2.408388e-08, but the convergence criterion CONV_min*(1+p->Escale) is 2.862290e-08!
a-alpha = -3.527784e-08, fpa = -2.207165e-09
abserr is 2.408775e-08, but the convergence criterion CONV_min*(1+p->Escale) is 2.862290e-08!
a-alpha = 3.377262e-08, fpa = 2.979317e-09
abserr is 3.004378e-08, but the convergence criterion CONV_min*(1+p->Escale) is 2.862290e-08!
a-alpha = -2.827922e-08, fpa = -6.726644e-09
abserr is 8.356294e-08, but the convergence criterion CONV_min*(1+p->Escale) is 2.862290e-08!
abserr is 3.004257e-08, but the convergence criterion CONV_min*(1+p->Escale) is 2.862290e-08!
a-alpha = -6.818310e-09, fpa = -2.157036e-08
abserr is 2.408195e-08, but the convergence criterion CONV_min*(1+p->Escale) is 2.862290e-08!
a-alpha = -1.510313e-09, fpa = -3.136404e-08
abserr is 3.599016e-08, but the convergence criterion CONV_min*(1+p->Escale) is 2.862290e-08!
a-alpha = 3.125000e-09, fpa = 1.441908e-08
abserr is 1.813435e-08, but the convergence criterion CONV_min*(1+p->Escale) is 2.862290e-08!
abserr is 3.003775e-08, but the convergence criterion CONV_min*(1+p->Escale) is 2.862290e-08!
abserr is 2.408678e-08, but the convergence criterion CONV_min*(1+p->Escale) is 2.862290e-08!
a-alpha = -3.534975e-10, fpa = -1.420988e-07
abserr is 4.193801e-08, but the convergence criterion CONV_min*(1+p->Escale) is 2.862290e-08!
a-alpha = -1.511982e-09, fpa = -2.271335e-08
abserr is 3.599305e-08, but the convergence criterion CONV_min*(1+p->Escale) is 2.862290e-08!
abserr is 1.813290e-08, but the convergence criterion CONV_min*(1+p->Escale) is 2.862290e-08!
abserr is 2.408678e-08, but the convergence criterion CONV_min*(1+p->Escale) is 2.862290e-08!
a-alpha = -5.921937e-10, fpa = -2.082373e-08
abserr is 2.408775e-08, but the convergence criterion CONV_min*(1+p->Escale) is 2.862290e-08!
abserr is 1.813945e-08, but the convergence criterion CONV_min*(1+p->Escale) is 2.862290e-08!
abserr is 1.813290e-08, but the convergence criterion CONV_min*(1+p->Escale) is 2.862290e-08!
a-alpha = -1.367619e-07, fpa = -1.164221e-09
abserr is 4.193801e-08, but the convergence criterion CONV_min*(1+p->Escale) is 2.862290e-08!
a-alpha = -2.668161e-09, fpa = -2.900516e-08
abserr is 1.813144e-08, but the convergence criterion CONV_min*(1+p->Escale) is 2.862290e-08!
a-alpha = 1.470197e-08, fpa = 1.367897e-08
a-alpha = -6.748639e-10, fpa = -2.021374e-08
abserr is 2.408678e-08, but the convergence criterion CONV_min*(1+p->Escale) is 2.862290e-08!
a-alpha = -1.138877e-07, fpa = -5.578477e-10
a-alpha = 3.125000e-09, fpa = 3.218775e-09
abserr is 4.193296e-08, but the convergence criterion CONV_min*(1+p->Escale) is 2.862290e-08!
abserr is 4.788105e-08, but the convergence criterion CONV_min*(1+p->Escale) is 2.862290e-08!
a-alpha = 9.798407e-09, fpa = 1.112291e-09
a-alpha = -2.334238e-08, fpa = -2.452851e-09
a-alpha = 1.103994e-08, fpa = 2.410015e-09
a-alpha = -3.193422e-10, fpa = -4.635458e-08
abserr is 4.193633e-08, but the convergence criterion CONV_min*(1+p->Escale) is 2.862290e-08!
abserr is 2.408678e-08, but the convergence criterion CONV_min*(1+p->Escale) is 2.862290e-08!
abserr is 5.979501e-08, but the convergence criterion CONV_min*(1+p->Escale) is 2.862290e-08!
a-alpha = 1.371891e-09, fpa = 6.634286e-09
abserr is 2.407905e-08, but the convergence criterion CONV_min*(1+p->Escale) is 2.862290e-08!
abserr is 1.813945e-08, but the convergence criterion CONV_min*(1+p->Escale) is 2.862290e-08!
abserr is 3.003655e-08, but the convergence criterion CONV_min*(1+p->Escale) is 2.862290e-08!
a-alpha = -3.526099e-10, fpa = -1.769876e-07
abserr is 2.408775e-08, but the convergence criterion CONV_min*(1+p->Escale) is 2.862290e-08!
abserr is 4.194138e-08, but the convergence criterion CONV_min*(1+p->Escale) is 2.862290e-08!
a-alpha = -2.243916e-10, fpa = -2.507499e-07
abserr is 3.599305e-08, but the convergence criterion CONV_min*(1+p->Escale) is 2.862290e-08!
a-alpha = -1.198968e-10, fpa = -7.293893e-07
abserr is 4.193127e-08, but the convergence criterion CONV_min*(1+p->Escale) is 2.862290e-08!
abserr is 2.408291e-08, but the convergence criterion CONV_min*(1+p->Escale) is 2.862290e-08!
Did not successfully find a minimum. Exceeded 100 iterations.
Ri is NAN, trying again with Rguess = 1.0
Traceback (most recent call last):
  File "scan2d.py", line 107, in <module>
    if abs(float(Rguess)-1.0)>1e-10:
NameError: name 'Rguess' is not defined
