Restoring modules from user's standard_modules
parameter values for minimization:
K33 = 3.000000e+01
k24 = 1.000000e+00
Lambda = 1.000000e+01
d0 = 1.000000e+00
omega = 1.000000e+00
gamma_s = 2.000000e-02
initial guesses for R, eta, and delta:
guess for R = 1.000000e-01
guess for eta = 6.300000e+00
guess for delta = 8.100000e-01
estimated ranges of R, eta, and delta:
upper bound estimate of R = 5.000000e-01
lower bound estimate of R = 1.000000e-02
upper bound estimate of eta = 6.350000e+00
lower bound estimate of eta = 6.290000e+00
upper bound estimate of delta = 8.160000e-01
lower bound estimate of delta = 8.000000e-01
    iteration	            R	          eta	        delta	            E	         dEdR	       dEdeta	     dEddelta	    grad norm
abserr is 5.040737e-05, but the convergence criterion CONV_min*(1+p->Escale) is 2.158344e-07!
abserr is 1.846446e-07, but the convergence criterion CONV_min*(1+p->Escale) is 2.158344e-07!
abserr is 2.197584e-05, but the convergence criterion CONV_min*(1+p->Escale) is 2.158344e-07!
abserr is 5.484424e-07, but the convergence criterion CONV_min*(1+p->Escale) is 2.158344e-07!
abserr is 2.197586e-05, but the convergence criterion CONV_min*(1+p->Escale) is 2.158344e-07!
abserr is 2.452775e-07, but the convergence criterion CONV_min*(1+p->Escale) is 2.158344e-07!
abserr is 1.543247e-07, but the convergence criterion CONV_min*(1+p->Escale) is 2.158344e-07!
abserr is 1.072719e-04, but the convergence criterion CONV_min*(1+p->Escale) is 2.158344e-07!
abserr is 2.149611e-07, but the convergence criterion CONV_min*(1+p->Escale) is 2.158344e-07!
abserr is 1.240083e-07, but the convergence criterion CONV_min*(1+p->Escale) is 2.158344e-07!
abserr is 1.486907e-05, but the convergence criterion CONV_min*(1+p->Escale) is 2.158344e-07!
abserr is 2.149581e-07, but the convergence criterion CONV_min*(1+p->Escale) is 2.158344e-07!
abserr is 7.889893e-05, but the convergence criterion CONV_min*(1+p->Escale) is 2.158344e-07!
abserr is 1.846473e-07, but the convergence criterion CONV_min*(1+p->Escale) is 2.158344e-07!
abserr is 1.543277e-07, but the convergence criterion CONV_min*(1+p->Escale) is 2.158344e-07!
abserr is 1.148762e-04, but the convergence criterion CONV_min*(1+p->Escale) is 2.158344e-07!
abserr is 2.920747e-05, but the convergence criterion CONV_min*(1+p->Escale) is 2.164299e-07!
abserr is 2.755986e-07, but the convergence criterion CONV_min*(1+p->Escale) is 2.164299e-07!
abserr is 7.787536e-06, but the convergence criterion CONV_min*(1+p->Escale) is 2.164299e-07!
abserr is 1.492742e-05, but the convergence criterion CONV_min*(1+p->Escale) is 2.164299e-07!
abserr is 2.149656e-07, but the convergence criterion CONV_min*(1+p->Escale) is 2.164299e-07!
abserr is 7.918552e-05, but the convergence criterion CONV_min*(1+p->Escale) is 2.164299e-07!
abserr is 2.452821e-07, but the convergence criterion CONV_min*(1+p->Escale) is 2.164299e-07!
a-alpha = -5.334505e-13, fpa = -2.373580e-05
abserr is 3.634696e-05, but the convergence criterion CONV_min*(1+p->Escale) is 2.164299e-07!
abserr is 1.846491e-07, but the convergence criterion CONV_min*(1+p->Escale) is 2.164299e-07!
abserr is 5.062709e-05, but the convergence criterion CONV_min*(1+p->Escale) is 2.164299e-07!
abserr is 2.149656e-07, but the convergence criterion CONV_min*(1+p->Escale) is 2.164299e-07!
abserr is 1.846491e-07, but the convergence criterion CONV_min*(1+p->Escale) is 2.164299e-07!
abserr is 2.920755e-05, but the convergence criterion CONV_min*(1+p->Escale) is 2.164299e-07!
abserr is 4.574976e-07, but the convergence criterion CONV_min*(1+p->Escale) is 2.164299e-07!
abserr is 6.476932e-07, but the convergence criterion CONV_min*(1+p->Escale) is 2.164299e-07!
abserr is 3.665481e-07, but the convergence criterion CONV_min*(1+p->Escale) is 2.164299e-07!
a-alpha = -3.376152e-11, fpa = -5.323099e-07
abserr is 7.787470e-06, but the convergence criterion CONV_min*(1+p->Escale) is 2.164299e-07!
abserr is 2.920698e-05, but the convergence criterion CONV_min*(1+p->Escale) is 2.164299e-07!
abserr is 2.452821e-07, but the convergence criterion CONV_min*(1+p->Escale) is 2.164299e-07!
a-alpha = 1.562500e-10, fpa = 4.269671e-07
abserr is 1.492729e-05, but the convergence criterion CONV_min*(1+p->Escale) is 2.164299e-07!
abserr is 1.684830e-07, but the convergence criterion CONV_min*(1+p->Escale) is 2.164299e-07!
abserr is 2.920671e-05, but the convergence criterion CONV_min*(1+p->Escale) is 2.164299e-07!
abserr is 1.240162e-07, but the convergence criterion CONV_min*(1+p->Escale) is 2.164299e-07!
abserr is 3.634701e-05, but the convergence criterion CONV_min*(1+p->Escale) is 2.164299e-07!
abserr is 2.452821e-07, but the convergence criterion CONV_min*(1+p->Escale) is 2.164299e-07!
abserr is 4.348655e-05, but the convergence criterion CONV_min*(1+p->Escale) is 2.164299e-07!
abserr is 2.149656e-07, but the convergence criterion CONV_min*(1+p->Escale) is 2.164299e-07!
abserr is 2.920731e-05, but the convergence criterion CONV_min*(1+p->Escale) is 2.164299e-07!
abserr is 3.665481e-07, but the convergence criterion CONV_min*(1+p->Escale) is 2.164299e-07!
abserr is 2.452821e-07, but the convergence criterion CONV_min*(1+p->Escale) is 2.164299e-07!
abserr is 1.492770e-05, but the convergence criterion CONV_min*(1+p->Escale) is 2.164299e-07!
abserr is 2.149656e-07, but the convergence criterion CONV_min*(1+p->Escale) is 2.164299e-07!
abserr is 6.477644e-07, but the convergence criterion CONV_min*(1+p->Escale) is 2.164299e-07!
abserr is 3.362316e-07, but the convergence criterion CONV_min*(1+p->Escale) is 2.164299e-07!
abserr is 1.543326e-07, but the convergence criterion CONV_min*(1+p->Escale) is 2.164299e-07!
abserr is 3.634754e-05, but the convergence criterion CONV_min*(1+p->Escale) is 2.164299e-07!
abserr is 1.846491e-07, but the convergence criterion CONV_min*(1+p->Escale) is 2.164299e-07!
abserr is 2.452821e-07, but the convergence criterion CONV_min*(1+p->Escale) is 2.164299e-07!
abserr is 2.206716e-05, but the convergence criterion CONV_min*(1+p->Escale) is 2.164299e-07!
abserr is 1.240162e-07, but the convergence criterion CONV_min*(1+p->Escale) is 2.164299e-07!
abserr is 4.348637e-05, but the convergence criterion CONV_min*(1+p->Escale) is 2.164299e-07!
abserr is 2.755986e-07, but the convergence criterion CONV_min*(1+p->Escale) is 2.164299e-07!
a-alpha = -1.734766e-09, fpa = -4.415919e-08
abserr is 2.206711e-05, but the convergence criterion CONV_min*(1+p->Escale) is 2.164299e-07!
abserr is 1.543326e-07, but the convergence criterion CONV_min*(1+p->Escale) is 2.164299e-07!
abserr is 2.206696e-05, but the convergence criterion CONV_min*(1+p->Escale) is 2.164299e-07!
abserr is 6.490552e-05, but the convergence criterion CONV_min*(1+p->Escale) is 2.164299e-07!
abserr is 1.240162e-07, but the convergence criterion CONV_min*(1+p->Escale) is 2.164299e-07!
a-alpha = -2.031183e-11, fpa = -6.745244e-07
abserr is 2.206703e-05, but the convergence criterion CONV_min*(1+p->Escale) is 2.164299e-07!
abserr is 1.846491e-07, but the convergence criterion CONV_min*(1+p->Escale) is 2.164299e-07!
abserr is 1.543326e-07, but the convergence criterion CONV_min*(1+p->Escale) is 2.164299e-07!
abserr is 2.920727e-05, but the convergence criterion CONV_min*(1+p->Escale) is 2.164299e-07!
abserr is 1.846491e-07, but the convergence criterion CONV_min*(1+p->Escale) is 2.164299e-07!
abserr is 1.240162e-07, but the convergence criterion CONV_min*(1+p->Escale) is 2.164299e-07!
a-alpha = 1.170564e-11, fpa = 2.292987e-06
abserr is 7.787546e-06, but the convergence criterion CONV_min*(1+p->Escale) is 2.164299e-07!
abserr is 6.476953e-07, but the convergence criterion CONV_min*(1+p->Escale) is 2.164299e-07!
abserr is 2.755986e-07, but the convergence criterion CONV_min*(1+p->Escale) is 2.164299e-07!
abserr is 4.348658e-05, but the convergence criterion CONV_min*(1+p->Escale) is 2.164299e-07!
abserr is 1.543326e-07, but the convergence criterion CONV_min*(1+p->Escale) is 2.164299e-07!
abserr is 4.348691e-05, but the convergence criterion CONV_min*(1+p->Escale) is 2.164299e-07!
abserr is 1.928649e-07, but the convergence criterion CONV_min*(1+p->Escale) is 2.164299e-07!
a-alpha = -4.444878e-10, fpa = -3.100917e-07
abserr is 4.348652e-05, but the convergence criterion CONV_min*(1+p->Escale) is 2.164299e-07!
abserr is 2.206722e-05, but the convergence criterion CONV_min*(1+p->Escale) is 2.164299e-07!
abserr is 2.206717e-05, but the convergence criterion CONV_min*(1+p->Escale) is 2.164299e-07!
abserr is 2.149656e-07, but the convergence criterion CONV_min*(1+p->Escale) is 2.164299e-07!
abserr is 1.220241e-04, but the convergence criterion CONV_min*(1+p->Escale) is 2.164299e-07!
abserr is 3.665481e-07, but the convergence criterion CONV_min*(1+p->Escale) is 2.164299e-07!
abserr is 1.846491e-07, but the convergence criterion CONV_min*(1+p->Escale) is 2.164299e-07!
abserr is 7.918430e-05, but the convergence criterion CONV_min*(1+p->Escale) is 2.164299e-07!
abserr is 4.271811e-07, but the convergence criterion CONV_min*(1+p->Escale) is 2.164299e-07!
abserr is 1.846491e-07, but the convergence criterion CONV_min*(1+p->Escale) is 2.164299e-07!
abserr is 2.206626e-05, but the convergence criterion CONV_min*(1+p->Escale) is 2.164299e-07!
abserr is 6.490371e-05, but the convergence criterion CONV_min*(1+p->Escale) is 2.164299e-07!
abserr is 3.968646e-07, but the convergence criterion CONV_min*(1+p->Escale) is 2.164299e-07!
a-alpha = 2.483991e-11, fpa = 1.556322e-06
abserr is 2.206624e-05, but the convergence criterion CONV_min*(1+p->Escale) is 2.164299e-07!
abserr is 3.968646e-07, but the convergence criterion CONV_min*(1+p->Escale) is 2.164299e-07!
abserr is 5.776624e-05, but the convergence criterion CONV_min*(1+p->Escale) is 2.164299e-07!
abserr is 1.240162e-07, but the convergence criterion CONV_min*(1+p->Escale) is 2.164299e-07!
abserr is 3.634680e-05, but the convergence criterion CONV_min*(1+p->Escale) is 2.164299e-07!
abserr is 3.059151e-07, but the convergence criterion CONV_min*(1+p->Escale) is 2.164299e-07!
abserr is 7.787471e-06, but the convergence criterion CONV_min*(1+p->Escale) is 2.164299e-07!
abserr is 3.665481e-07, but the convergence criterion CONV_min*(1+p->Escale) is 2.164299e-07!
abserr is 4.348662e-05, but the convergence criterion CONV_min*(1+p->Escale) is 2.164299e-07!
abserr is 3.968646e-07, but the convergence criterion CONV_min*(1+p->Escale) is 2.164299e-07!
a-alpha = 2.728280e-11, fpa = 4.293792e-07
abserr is 1.492730e-05, but the convergence criterion CONV_min*(1+p->Escale) is 2.164299e-07!
abserr is 1.543327e-07, but the convergence criterion CONV_min*(1+p->Escale) is 2.164299e-07!
a-alpha = -1.411044e-10, fpa = -3.625618e-07
abserr is 5.776614e-05, but the convergence criterion CONV_min*(1+p->Escale) is 2.164299e-07!
a-alpha = -3.125000e-10, fpa = -5.529400e-07
abserr is 2.920698e-05, but the convergence criterion CONV_min*(1+p->Escale) is 2.164299e-07!
abserr is 4.271811e-07, but the convergence criterion CONV_min*(1+p->Escale) is 2.164299e-07!
abserr is 1.846491e-07, but the convergence criterion CONV_min*(1+p->Escale) is 2.164299e-07!
abserr is 7.787560e-06, but the convergence criterion CONV_min*(1+p->Escale) is 2.164299e-07!
abserr is 5.181305e-07, but the convergence criterion CONV_min*(1+p->Escale) is 2.164299e-07!
abserr is 3.059151e-07, but the convergence criterion CONV_min*(1+p->Escale) is 2.164299e-07!
a-alpha = 3.125000e-10, fpa = 3.794652e-07
abserr is 3.634707e-05, but the convergence criterion CONV_min*(1+p->Escale) is 2.164299e-07!
abserr is 1.543327e-07, but the convergence criterion CONV_min*(1+p->Escale) is 2.164299e-07!
abserr is 4.348662e-05, but the convergence criterion CONV_min*(1+p->Escale) is 2.164299e-07!
a-alpha = -2.834267e-10, fpa = -7.632451e-07
abserr is 7.787545e-06, but the convergence criterion CONV_min*(1+p->Escale) is 2.164299e-07!
abserr is 1.684830e-07, but the convergence criterion CONV_min*(1+p->Escale) is 2.164299e-07!
abserr is 1.543326e-07, but the convergence criterion CONV_min*(1+p->Escale) is 2.164299e-07!
abserr is 7.204582e-05, but the convergence criterion CONV_min*(1+p->Escale) is 2.164299e-07!
abserr is 1.997587e-07, but the convergence criterion CONV_min*(1+p->Escale) is 2.164299e-07!
abserr is 6.476953e-07, but the convergence criterion CONV_min*(1+p->Escale) is 2.164299e-07!
abserr is 2.149656e-07, but the convergence criterion CONV_min*(1+p->Escale) is 2.164299e-07!
abserr is 6.490636e-05, but the convergence criterion CONV_min*(1+p->Escale) is 2.164299e-07!
abserr is 2.149656e-07, but the convergence criterion CONV_min*(1+p->Escale) is 2.164299e-07!
abserr is 5.062649e-05, but the convergence criterion CONV_min*(1+p->Escale) is 2.164299e-07!
a-alpha = 1.128562e-10, fpa = 7.475227e-08
abserr is 2.920717e-05, but the convergence criterion CONV_min*(1+p->Escale) is 2.164299e-07!
abserr is 4.348666e-05, but the convergence criterion CONV_min*(1+p->Escale) is 2.164299e-07!
abserr is 3.968646e-07, but the convergence criterion CONV_min*(1+p->Escale) is 2.164299e-07!
abserr is 3.362316e-07, but the convergence criterion CONV_min*(1+p->Escale) is 2.164299e-07!
abserr is 5.776620e-05, but the convergence criterion CONV_min*(1+p->Escale) is 2.164299e-07!
a-alpha = 4.586301e-12, fpa = 2.429756e-06
abserr is 1.492719e-05, but the convergence criterion CONV_min*(1+p->Escale) is 2.164299e-07!
abserr is 1.543326e-07, but the convergence criterion CONV_min*(1+p->Escale) is 2.164299e-07!
abserr is 2.755986e-07, but the convergence criterion CONV_min*(1+p->Escale) is 2.164299e-07!
abserr is 4.348614e-05, but the convergence criterion CONV_min*(1+p->Escale) is 2.164299e-07!
abserr is 1.543326e-07, but the convergence criterion CONV_min*(1+p->Escale) is 2.164299e-07!
abserr is 7.787565e-06, but the convergence criterion CONV_min*(1+p->Escale) is 2.164299e-07!
abserr is 2.755986e-07, but the convergence criterion CONV_min*(1+p->Escale) is 2.164299e-07!
abserr is 3.059151e-07, but the convergence criterion CONV_min*(1+p->Escale) is 2.164299e-07!
abserr is 7.787496e-06, but the convergence criterion CONV_min*(1+p->Escale) is 2.164299e-07!
abserr is 1.543326e-07, but the convergence criterion CONV_min*(1+p->Escale) is 2.164299e-07!
abserr is 2.149656e-07, but the convergence criterion CONV_min*(1+p->Escale) is 2.164299e-07!
abserr is 2.206715e-05, but the convergence criterion CONV_min*(1+p->Escale) is 2.164299e-07!
abserr is 3.665481e-07, but the convergence criterion CONV_min*(1+p->Escale) is 2.164299e-07!
abserr is 1.148854e-04, but the convergence criterion CONV_min*(1+p->Escale) is 2.164299e-07!
abserr is 4.271811e-07, but the convergence criterion CONV_min*(1+p->Escale) is 2.164299e-07!
abserr is 1.846491e-07, but the convergence criterion CONV_min*(1+p->Escale) is 2.164299e-07!
a-alpha = -4.335218e-11, fpa = -4.618652e-07
abserr is 6.477064e-07, but the convergence criterion CONV_min*(1+p->Escale) is 2.164299e-07!
abserr is 1.543326e-07, but the convergence criterion CONV_min*(1+p->Escale) is 2.164299e-07!
abserr is 7.787501e-06, but the convergence criterion CONV_min*(1+p->Escale) is 2.164299e-07!
abserr is 2.755986e-07, but the convergence criterion CONV_min*(1+p->Escale) is 2.164299e-07!
abserr is 2.452821e-07, but the convergence criterion CONV_min*(1+p->Escale) is 2.164299e-07!
a-alpha = 3.919841e-10, fpa = 3.099477e-07
abserr is 4.348635e-05, but the convergence criterion CONV_min*(1+p->Escale) is 2.164299e-07!
abserr is 2.755986e-07, but the convergence criterion CONV_min*(1+p->Escale) is 2.164299e-07!
abserr is 9.346547e-05, but the convergence criterion CONV_min*(1+p->Escale) is 2.164299e-07!
abserr is 1.240162e-07, but the convergence criterion CONV_min*(1+p->Escale) is 2.164299e-07!
a-alpha = -8.390710e-11, fpa = -4.555852e-07
abserr is 3.634668e-05, but the convergence criterion CONV_min*(1+p->Escale) is 2.164299e-07!
abserr is 4.271811e-07, but the convergence criterion CONV_min*(1+p->Escale) is 2.164299e-07!
abserr is 1.543326e-07, but the convergence criterion CONV_min*(1+p->Escale) is 2.164299e-07!
abserr is 2.920688e-05, but the convergence criterion CONV_min*(1+p->Escale) is 2.164299e-07!
a-alpha = -3.134381e-11, fpa = -6.622598e-06
abserr is 6.476943e-07, but the convergence criterion CONV_min*(1+p->Escale) is 2.164299e-07!
abserr is 1.240162e-07, but the convergence criterion CONV_min*(1+p->Escale) is 2.164299e-07!
abserr is 2.149656e-07, but the convergence criterion CONV_min*(1+p->Escale) is 2.164299e-07!
a-alpha = -3.704950e-12, fpa = -6.137024e-06
abserr is 7.787501e-06, but the convergence criterion CONV_min*(1+p->Escale) is 2.164299e-07!
abserr is 1.854395e-07, but the convergence criterion CONV_min*(1+p->Escale) is 2.164299e-07!
abserr is 5.062603e-05, but the convergence criterion CONV_min*(1+p->Escale) is 2.164299e-07!
a-alpha = 2.132359e-11, fpa = 2.675178e-06
abserr is 1.077440e-04, but the convergence criterion CONV_min*(1+p->Escale) is 2.164299e-07!
abserr is 3.362316e-07, but the convergence criterion CONV_min*(1+p->Escale) is 2.164299e-07!
abserr is 7.787418e-06, but the convergence criterion CONV_min*(1+p->Escale) is 2.164299e-07!
abserr is 1.240162e-07, but the convergence criterion CONV_min*(1+p->Escale) is 2.164299e-07!
abserr is 2.920686e-05, but the convergence criterion CONV_min*(1+p->Escale) is 2.164299e-07!
abserr is 1.240162e-07, but the convergence criterion CONV_min*(1+p->Escale) is 2.164299e-07!
abserr is 7.204561e-05, but the convergence criterion CONV_min*(1+p->Escale) is 2.164299e-07!
abserr is 3.059151e-07, but the convergence criterion CONV_min*(1+p->Escale) is 2.164299e-07!
abserr is 7.204520e-05, but the convergence criterion CONV_min*(1+p->Escale) is 2.164299e-07!
abserr is 2.452821e-07, but the convergence criterion CONV_min*(1+p->Escale) is 2.164299e-07!
a-alpha = -4.078483e-11, fpa = -4.474785e-07
abserr is 9.346466e-05, but the convergence criterion CONV_min*(1+p->Escale) is 2.164299e-07!
abserr is 2.452821e-07, but the convergence criterion CONV_min*(1+p->Escale) is 2.164299e-07!
abserr is 5.062649e-05, but the convergence criterion CONV_min*(1+p->Escale) is 2.164299e-07!
abserr is 1.846491e-07, but the convergence criterion CONV_min*(1+p->Escale) is 2.164299e-07!
a-alpha = 8.863469e-11, fpa = 1.417622e-07
abserr is 1.148849e-04, but the convergence criterion CONV_min*(1+p->Escale) is 2.164299e-07!
abserr is 3.362316e-07, but the convergence criterion CONV_min*(1+p->Escale) is 2.164299e-07!
abserr is 3.059151e-07, but the convergence criterion CONV_min*(1+p->Escale) is 2.164299e-07!
a-alpha = -2.934265e-10, fpa = -6.010383e-07
abserr is 2.920701e-05, but the convergence criterion CONV_min*(1+p->Escale) is 2.164299e-07!
a-alpha = -2.296845e-11, fpa = -5.015473e-07
abserr is 5.776615e-05, but the convergence criterion CONV_min*(1+p->Escale) is 2.164299e-07!
abserr is 1.543326e-07, but the convergence criterion CONV_min*(1+p->Escale) is 2.164299e-07!
a-alpha = -5.703084e-11, fpa = -4.983569e-07
abserr is 7.204568e-05, but the convergence criterion CONV_min*(1+p->Escale) is 2.164299e-07!
a-alpha = -7.812500e-11, fpa = -7.460662e-07
abserr is 7.787490e-06, but the convergence criterion CONV_min*(1+p->Escale) is 2.164299e-07!
abserr is 1.846491e-07, but the convergence criterion CONV_min*(1+p->Escale) is 2.164299e-07!
abserr is 6.477031e-07, but the convergence criterion CONV_min*(1+p->Escale) is 2.164299e-07!
abserr is 1.240162e-07, but the convergence criterion CONV_min*(1+p->Escale) is 2.164299e-07!
a-alpha = -2.467015e-10, fpa = -2.542956e-07
abserr is 7.204590e-05, but the convergence criterion CONV_min*(1+p->Escale) is 2.164299e-07!
abserr is 5.776609e-05, but the convergence criterion CONV_min*(1+p->Escale) is 2.164299e-07!
abserr is 2.755986e-07, but the convergence criterion CONV_min*(1+p->Escale) is 2.164299e-07!
abserr is 1.773665e-07, but the convergence criterion CONV_min*(1+p->Escale) is 2.164299e-07!
a-alpha = 3.060299e-10, fpa = 4.302414e-07
abserr is 6.476940e-07, but the convergence criterion CONV_min*(1+p->Escale) is 2.164299e-07!
abserr is 1.543326e-07, but the convergence criterion CONV_min*(1+p->Escale) is 2.164299e-07!
a-alpha = -4.541196e-11, fpa = -6.258639e-07
abserr is 2.920676e-05, but the convergence criterion CONV_min*(1+p->Escale) is 2.164299e-07!
abserr is 1.846491e-07, but the convergence criterion CONV_min*(1+p->Escale) is 2.164299e-07!
abserr is 1.006048e-04, but the convergence criterion CONV_min*(1+p->Escale) is 2.164299e-07!
abserr is 1.543326e-07, but the convergence criterion CONV_min*(1+p->Escale) is 2.164299e-07!
a-alpha = -1.484375e-11, fpa = -3.930486e-06
abserr is 5.062643e-05, but the convergence criterion CONV_min*(1+p->Escale) is 2.164299e-07!
abserr is 1.240162e-07, but the convergence criterion CONV_min*(1+p->Escale) is 2.164299e-07!
abserr is 1.684830e-07, but the convergence criterion CONV_min*(1+p->Escale) is 2.164299e-07!
abserr is 6.490631e-05, but the convergence criterion CONV_min*(1+p->Escale) is 2.164299e-07!
abserr is 1.240162e-07, but the convergence criterion CONV_min*(1+p->Escale) is 2.164299e-07!
abserr is 1.240162e-07, but the convergence criterion CONV_min*(1+p->Escale) is 2.164299e-07!
abserr is 1.492748e-05, but the convergence criterion CONV_min*(1+p->Escale) is 2.164299e-07!
abserr is 1.240162e-07, but the convergence criterion CONV_min*(1+p->Escale) is 2.164299e-07!
abserr is 9.346608e-05, but the convergence criterion CONV_min*(1+p->Escale) is 2.164299e-07!
abserr is 3.362316e-07, but the convergence criterion CONV_min*(1+p->Escale) is 2.164299e-07!
abserr is 2.452821e-07, but the convergence criterion CONV_min*(1+p->Escale) is 2.164299e-07!
abserr is 4.348657e-05, but the convergence criterion CONV_min*(1+p->Escale) is 2.164299e-07!
abserr is 6.490597e-05, but the convergence criterion CONV_min*(1+p->Escale) is 2.164299e-07!
abserr is 2.180152e-07, but the convergence criterion CONV_min*(1+p->Escale) is 2.164299e-07!
abserr is 1.240162e-07, but the convergence criterion CONV_min*(1+p->Escale) is 2.164299e-07!
abserr is 7.787445e-06, but the convergence criterion CONV_min*(1+p->Escale) is 2.164299e-07!
abserr is 5.181305e-07, but the convergence criterion CONV_min*(1+p->Escale) is 2.164299e-07!
a-alpha = 5.021259e-11, fpa = 5.226923e-07
abserr is 1.006043e-04, but the convergence criterion CONV_min*(1+p->Escale) is 2.164299e-07!
abserr is 1.240162e-07, but the convergence criterion CONV_min*(1+p->Escale) is 2.164299e-07!
abserr is 3.634707e-05, but the convergence criterion CONV_min*(1+p->Escale) is 2.164299e-07!
abserr is 1.543326e-07, but the convergence criterion CONV_min*(1+p->Escale) is 2.164299e-07!
abserr is 1.240162e-07, but the convergence criterion CONV_min*(1+p->Escale) is 2.164299e-07!
a-alpha = -3.227807e-11, fpa = -1.554112e-06
abserr is 6.490652e-05, but the convergence criterion CONV_min*(1+p->Escale) is 2.164299e-07!
abserr is 1.773665e-07, but the convergence criterion CONV_min*(1+p->Escale) is 2.164299e-07!
abserr is 1.846491e-07, but the convergence criterion CONV_min*(1+p->Escale) is 2.164299e-07!
a-alpha = -6.584183e-11, fpa = -6.278785e-07
abserr is 6.477093e-07, but the convergence criterion CONV_min*(1+p->Escale) is 2.164299e-07!
abserr is 2.149656e-07, but the convergence criterion CONV_min*(1+p->Escale) is 2.164299e-07!
abserr is 1.773665e-07, but the convergence criterion CONV_min*(1+p->Escale) is 2.164299e-07!
abserr is 3.634685e-05, but the convergence criterion CONV_min*(1+p->Escale) is 2.164299e-07!
abserr is 2.149656e-07, but the convergence criterion CONV_min*(1+p->Escale) is 2.164299e-07!
abserr is 2.452821e-07, but the convergence criterion CONV_min*(1+p->Escale) is 2.164299e-07!
abserr is 1.291646e-04, but the convergence criterion CONV_min*(1+p->Escale) is 2.164299e-07!
abserr is 1.928649e-07, but the convergence criterion CONV_min*(1+p->Escale) is 2.164299e-07!
abserr is 1.543326e-07, but the convergence criterion CONV_min*(1+p->Escale) is 2.164299e-07!
abserr is 2.920684e-05, but the convergence criterion CONV_min*(1+p->Escale) is 2.164299e-07!
abserr is 1.240162e-07, but the convergence criterion CONV_min*(1+p->Escale) is 2.164299e-07!
abserr is 1.543326e-07, but the convergence criterion CONV_min*(1+p->Escale) is 2.164299e-07!
a-alpha = 2.770458e-10, fpa = 5.396549e-07
abserr is 7.787524e-06, but the convergence criterion CONV_min*(1+p->Escale) is 2.164299e-07!
abserr is 1.543326e-07, but the convergence criterion CONV_min*(1+p->Escale) is 2.164299e-07!
a-alpha = -1.904631e-11, fpa = -6.821922e-07
abserr is 2.920692e-05, but the convergence criterion CONV_min*(1+p->Escale) is 2.164299e-07!
abserr is 1.543326e-07, but the convergence criterion CONV_min*(1+p->Escale) is 2.164299e-07!
abserr is 6.476993e-07, but the convergence criterion CONV_min*(1+p->Escale) is 2.164299e-07!
abserr is 1.543326e-07, but the convergence criterion CONV_min*(1+p->Escale) is 2.164299e-07!
a-alpha = -2.968750e-10, fpa = -5.765022e-07
abserr is 1.492743e-05, but the convergence criterion CONV_min*(1+p->Escale) is 2.164299e-07!
abserr is 2.755986e-07, but the convergence criterion CONV_min*(1+p->Escale) is 2.164299e-07!
abserr is 1.240162e-07, but the convergence criterion CONV_min*(1+p->Escale) is 2.164299e-07!
a-alpha = -1.562500e-11, fpa = -1.320403e-06
abserr is 2.920689e-05, but the convergence criterion CONV_min*(1+p->Escale) is 2.164299e-07!
abserr is 3.665481e-07, but the convergence criterion CONV_min*(1+p->Escale) is 2.164299e-07!
a-alpha = -1.562500e-11, fpa = -1.936100e-06
abserr is 1.492733e-05, but the convergence criterion CONV_min*(1+p->Escale) is 2.164299e-07!
a-alpha = -1.383017e-11, fpa = -1.826713e-06
abserr is 3.634677e-05, but the convergence criterion CONV_min*(1+p->Escale) is 2.164299e-07!
abserr is 3.362316e-07, but the convergence criterion CONV_min*(1+p->Escale) is 2.164299e-07!
abserr is 1.846491e-07, but the convergence criterion CONV_min*(1+p->Escale) is 2.164299e-07!
a-alpha = -1.562500e-11, fpa = -2.289108e-06
abserr is 2.206710e-05, but the convergence criterion CONV_min*(1+p->Escale) is 2.164299e-07!
a-alpha = -1.562500e-11, fpa = -2.276500e-06
abserr is 3.634677e-05, but the convergence criterion CONV_min*(1+p->Escale) is 2.164299e-07!
abserr is 2.755986e-07, but the convergence criterion CONV_min*(1+p->Escale) is 2.164299e-07!
abserr is 3.968646e-07, but the convergence criterion CONV_min*(1+p->Escale) is 2.164299e-07!
a-alpha = -8.536786e-12, fpa = -2.803640e-06
abserr is 4.348668e-05, but the convergence criterion CONV_min*(1+p->Escale) is 2.164299e-07!
a-alpha = -1.562500e-11, fpa = -2.669855e-06
abserr is 5.062634e-05, but the convergence criterion CONV_min*(1+p->Escale) is 2.164299e-07!
abserr is 3.362316e-07, but the convergence criterion CONV_min*(1+p->Escale) is 2.164299e-07!
abserr is 2.149656e-07, but the convergence criterion CONV_min*(1+p->Escale) is 2.164299e-07!
abserr is 1.492747e-05, but the convergence criterion CONV_min*(1+p->Escale) is 2.164299e-07!
abserr is 2.122753e-07, but the convergence criterion CONV_min*(1+p->Escale) is 2.164299e-07!
a-alpha = -1.220656e-11, fpa = -1.856535e-06
abserr is 5.062678e-05, but the convergence criterion CONV_min*(1+p->Escale) is 2.164299e-07!
abserr is 2.755986e-07, but the convergence criterion CONV_min*(1+p->Escale) is 2.164299e-07!
abserr is 2.062069e-07, but the convergence criterion CONV_min*(1+p->Escale) is 2.164299e-07!
abserr is 5.775747e-05, but the convergence criterion CONV_min*(1+p->Escale) is 2.164299e-07!
abserr is 2.149656e-07, but the convergence criterion CONV_min*(1+p->Escale) is 2.164299e-07!
abserr is 2.149656e-07, but the convergence criterion CONV_min*(1+p->Escale) is 2.164299e-07!
abserr is 5.776512e-05, but the convergence criterion CONV_min*(1+p->Escale) is 2.164299e-07!
abserr is 2.149656e-07, but the convergence criterion CONV_min*(1+p->Escale) is 2.164299e-07!
abserr is 2.755986e-07, but the convergence criterion CONV_min*(1+p->Escale) is 2.164299e-07!
abserr is 9.346520e-05, but the convergence criterion CONV_min*(1+p->Escale) is 2.164299e-07!
abserr is 1.240162e-07, but the convergence criterion CONV_min*(1+p->Escale) is 2.164299e-07!
abserr is 1.928649e-07, but the convergence criterion CONV_min*(1+p->Escale) is 2.164299e-07!
abserr is 7.787517e-06, but the convergence criterion CONV_min*(1+p->Escale) is 2.164299e-07!
abserr is 2.755986e-07, but the convergence criterion CONV_min*(1+p->Escale) is 2.164299e-07!
a-alpha = 1.177040e-10, fpa = 2.579624e-07
abserr is 8.632550e-05, but the convergence criterion CONV_min*(1+p->Escale) is 2.164299e-07!
abserr is 2.149656e-07, but the convergence criterion CONV_min*(1+p->Escale) is 2.164299e-07!
abserr is 6.477004e-07, but the convergence criterion CONV_min*(1+p->Escale) is 2.164299e-07!
a-alpha = -4.305963e-11, fpa = -2.498412e-06
abserr is 1.492725e-05, but the convergence criterion CONV_min*(1+p->Escale) is 2.164299e-07!
abserr is 3.362316e-07, but the convergence criterion CONV_min*(1+p->Escale) is 2.164299e-07!
abserr is 6.477032e-07, but the convergence criterion CONV_min*(1+p->Escale) is 2.164299e-07!
a-alpha = -9.333367e-12, fpa = -1.384728e-06
abserr is 5.062633e-05, but the convergence criterion CONV_min*(1+p->Escale) is 2.164299e-07!
abserr is 3.362316e-07, but the convergence criterion CONV_min*(1+p->Escale) is 2.164299e-07!
abserr is 1.846491e-07, but the convergence criterion CONV_min*(1+p->Escale) is 2.164299e-07!
abserr is 3.634684e-05, but the convergence criterion CONV_min*(1+p->Escale) is 2.164299e-07!
a-alpha = 1.562500e-11, fpa = 8.874591e-07
abserr is 7.787540e-06, but the convergence criterion CONV_min*(1+p->Escale) is 2.164299e-07!
abserr is 2.452821e-07, but the convergence criterion CONV_min*(1+p->Escale) is 2.164299e-07!
abserr is 4.348650e-05, but the convergence criterion CONV_min*(1+p->Escale) is 2.164299e-07!
abserr is 3.362316e-07, but the convergence criterion CONV_min*(1+p->Escale) is 2.164299e-07!
abserr is 5.776659e-05, but the convergence criterion CONV_min*(1+p->Escale) is 2.164299e-07!
abserr is 2.149656e-07, but the convergence criterion CONV_min*(1+p->Escale) is 2.164299e-07!
abserr is 7.787530e-06, but the convergence criterion CONV_min*(1+p->Escale) is 2.164299e-07!
abserr is 2.206751e-05, but the convergence criterion CONV_min*(1+p->Escale) is 2.164299e-07!
abserr is 1.543327e-07, but the convergence criterion CONV_min*(1+p->Escale) is 2.164299e-07!
abserr is 6.490749e-05, but the convergence criterion CONV_min*(1+p->Escale) is 2.164299e-07!
abserr is 3.059151e-07, but the convergence criterion CONV_min*(1+p->Escale) is 2.164299e-07!
abserr is 3.665481e-07, but the convergence criterion CONV_min*(1+p->Escale) is 2.164299e-07!
abserr is 4.348753e-05, but the convergence criterion CONV_min*(1+p->Escale) is 2.164299e-07!
abserr is 3.968646e-07, but the convergence criterion CONV_min*(1+p->Escale) is 2.164299e-07!
abserr is 9.346745e-05, but the convergence criterion CONV_min*(1+p->Escale) is 2.164299e-07!
abserr is 3.665481e-07, but the convergence criterion CONV_min*(1+p->Escale) is 2.164299e-07!
abserr is 1.077453e-04, but the convergence criterion CONV_min*(1+p->Escale) is 2.164299e-07!
abserr is 2.452821e-07, but the convergence criterion CONV_min*(1+p->Escale) is 2.164299e-07!
abserr is 1.854395e-07, but the convergence criterion CONV_min*(1+p->Escale) is 2.164299e-07!
a-alpha = -3.249593e-10, fpa = -1.528191e-07
abserr is 1.077448e-04, but the convergence criterion CONV_min*(1+p->Escale) is 2.164299e-07!
abserr is 1.240162e-07, but the convergence criterion CONV_min*(1+p->Escale) is 2.164299e-07!
abserr is 2.452821e-07, but the convergence criterion CONV_min*(1+p->Escale) is 2.164299e-07!
abserr is 2.206723e-05, but the convergence criterion CONV_min*(1+p->Escale) is 2.164299e-07!
abserr is 3.634686e-05, but the convergence criterion CONV_min*(1+p->Escale) is 2.164299e-07!
abserr is 3.059151e-07, but the convergence criterion CONV_min*(1+p->Escale) is 2.164299e-07!
abserr is 2.755986e-07, but the convergence criterion CONV_min*(1+p->Escale) is 2.164299e-07!
abserr is 1.148854e-04, but the convergence criterion CONV_min*(1+p->Escale) is 2.164299e-07!
abserr is 1.684830e-07, but the convergence criterion CONV_min*(1+p->Escale) is 2.164299e-07!
a-alpha = -2.290014e-10, fpa = -1.412451e-07
abserr is 5.062661e-05, but the convergence criterion CONV_min*(1+p->Escale) is 2.164299e-07!
abserr is 1.240162e-07, but the convergence criterion CONV_min*(1+p->Escale) is 2.164299e-07!
abserr is 8.632515e-05, but the convergence criterion CONV_min*(1+p->Escale) is 2.164299e-07!
abserr is 1.240162e-07, but the convergence criterion CONV_min*(1+p->Escale) is 2.164299e-07!
abserr is 4.348666e-05, but the convergence criterion CONV_min*(1+p->Escale) is 2.164299e-07!
abserr is 6.490608e-05, but the convergence criterion CONV_min*(1+p->Escale) is 2.164299e-07!
abserr is 2.149656e-07, but the convergence criterion CONV_min*(1+p->Escale) is 2.164299e-07!
abserr is 2.206731e-05, but the convergence criterion CONV_min*(1+p->Escale) is 2.164299e-07!
abserr is 1.773665e-07, but the convergence criterion CONV_min*(1+p->Escale) is 2.164299e-07!
a-alpha = 2.365097e-10, fpa = 3.125215e-07
abserr is 1.220253e-04, but the convergence criterion CONV_min*(1+p->Escale) is 2.164299e-07!
abserr is 1.846491e-07, but the convergence criterion CONV_min*(1+p->Escale) is 2.164299e-07!
abserr is 7.918612e-05, but the convergence criterion CONV_min*(1+p->Escale) is 2.164299e-07!
abserr is 2.149656e-07, but the convergence criterion CONV_min*(1+p->Escale) is 2.164299e-07!
abserr is 6.477004e-07, but the convergence criterion CONV_min*(1+p->Escale) is 2.164299e-07!
abserr is 1.240162e-07, but the convergence criterion CONV_min*(1+p->Escale) is 2.164299e-07!
a-alpha = 2.773775e-11, fpa = 1.451326e-06
abserr is 2.206708e-05, but the convergence criterion CONV_min*(1+p->Escale) is 2.164299e-07!
abserr is 3.634660e-05, but the convergence criterion CONV_min*(1+p->Escale) is 2.164299e-07!
abserr is 3.059151e-07, but the convergence criterion CONV_min*(1+p->Escale) is 2.164299e-07!
abserr is 3.362316e-07, but the convergence criterion CONV_min*(1+p->Escale) is 2.164299e-07!
abserr is 6.476987e-07, but the convergence criterion CONV_min*(1+p->Escale) is 2.164299e-07!
abserr is 4.878140e-07, but the convergence criterion CONV_min*(1+p->Escale) is 2.164299e-07!
abserr is 2.149656e-07, but the convergence criterion CONV_min*(1+p->Escale) is 2.164299e-07!
a-alpha = 2.463168e-10, fpa = 1.675202e-07
abserr is 5.776592e-05, but the convergence criterion CONV_min*(1+p->Escale) is 2.164299e-07!
abserr is 2.755986e-07, but the convergence criterion CONV_min*(1+p->Escale) is 2.164299e-07!
abserr is 6.476980e-07, but the convergence criterion CONV_min*(1+p->Escale) is 2.164299e-07!
abserr is 2.452821e-07, but the convergence criterion CONV_min*(1+p->Escale) is 2.164299e-07!
abserr is 1.854395e-07, but the convergence criterion CONV_min*(1+p->Escale) is 2.164299e-07!
abserr is 1.006054e-04, but the convergence criterion CONV_min*(1+p->Escale) is 2.164299e-07!
a-alpha = 1.484375e-11, fpa = 1.281457e-06
abserr is 3.634686e-05, but the convergence criterion CONV_min*(1+p->Escale) is 2.164299e-07!
abserr is 1.543327e-07, but the convergence criterion CONV_min*(1+p->Escale) is 2.164299e-07!
abserr is 4.574976e-07, but the convergence criterion CONV_min*(1+p->Escale) is 2.164299e-07!
abserr is 5.062660e-05, but the convergence criterion CONV_min*(1+p->Escale) is 2.164299e-07!
abserr is 3.059151e-07, but the convergence criterion CONV_min*(1+p->Escale) is 2.164299e-07!
abserr is 3.362316e-07, but the convergence criterion CONV_min*(1+p->Escale) is 2.164299e-07!
abserr is 7.918534e-05, but the convergence criterion CONV_min*(1+p->Escale) is 2.164299e-07!
abserr is 2.122752e-07, but the convergence criterion CONV_min*(1+p->Escale) is 2.164299e-07!
abserr is 1.240162e-07, but the convergence criterion CONV_min*(1+p->Escale) is 2.164299e-07!
abserr is 2.920686e-05, but the convergence criterion CONV_min*(1+p->Escale) is 2.164299e-07!
abserr is 1.543327e-07, but the convergence criterion CONV_min*(1+p->Escale) is 2.164299e-07!
abserr is 4.271811e-07, but the convergence criterion CONV_min*(1+p->Escale) is 2.164299e-07!
a-alpha = 8.334241e-11, fpa = 2.123121e-07
abserr is 2.206708e-05, but the convergence criterion CONV_min*(1+p->Escale) is 2.164299e-07!
abserr is 3.665481e-07, but the convergence criterion CONV_min*(1+p->Escale) is 2.164299e-07!
abserr is 4.271811e-07, but the convergence criterion CONV_min*(1+p->Escale) is 2.164299e-07!
abserr is 1.492733e-05, but the convergence criterion CONV_min*(1+p->Escale) is 2.164299e-07!
abserr is 1.846491e-07, but the convergence criterion CONV_min*(1+p->Escale) is 2.164299e-07!
abserr is 3.634676e-05, but the convergence criterion CONV_min*(1+p->Escale) is 2.164299e-07!
abserr is 1.773665e-07, but the convergence criterion CONV_min*(1+p->Escale) is 2.164299e-07!
a-alpha = -1.991050e-10, fpa = -4.189696e-07
abserr is 3.634663e-05, but the convergence criterion CONV_min*(1+p->Escale) is 2.164299e-07!
abserr is 1.240162e-07, but the convergence criterion CONV_min*(1+p->Escale) is 2.164299e-07!
abserr is 1.846491e-07, but the convergence criterion CONV_min*(1+p->Escale) is 2.164299e-07!
abserr is 7.787492e-06, but the convergence criterion CONV_min*(1+p->Escale) is 2.164299e-07!
abserr is 2.149656e-07, but the convergence criterion CONV_min*(1+p->Escale) is 2.164299e-07!
abserr is 1.492726e-05, but the convergence criterion CONV_min*(1+p->Escale) is 2.164299e-07!
a-alpha = -3.949803e-11, fpa = -1.149502e-06
abserr is 5.062635e-05, but the convergence criterion CONV_min*(1+p->Escale) is 2.164299e-07!
abserr is 4.478462e-07, but the convergence criterion CONV_min*(1+p->Escale) is 2.164299e-07!
a-alpha = -7.781508e-12, fpa = -8.348499e-06
abserr is 2.206706e-05, but the convergence criterion CONV_min*(1+p->Escale) is 2.164299e-07!
abserr is 3.059151e-07, but the convergence criterion CONV_min*(1+p->Escale) is 2.164299e-07!
abserr is 1.846491e-07, but the convergence criterion CONV_min*(1+p->Escale) is 2.164299e-07!
abserr is 6.490649e-05, but the convergence criterion CONV_min*(1+p->Escale) is 2.164299e-07!
abserr is 1.846491e-07, but the convergence criterion CONV_min*(1+p->Escale) is 2.164299e-07!
a-alpha = -1.430085e-11, fpa = -4.609661e-06
abserr is 6.490645e-05, but the convergence criterion CONV_min*(1+p->Escale) is 2.164299e-07!
abserr is 2.149656e-07, but the convergence criterion CONV_min*(1+p->Escale) is 2.164299e-07!
abserr is 1.240162e-07, but the convergence criterion CONV_min*(1+p->Escale) is 2.164299e-07!
abserr is 2.206723e-05, but the convergence criterion CONV_min*(1+p->Escale) is 2.164299e-07!
abserr is 1.846491e-07, but the convergence criterion CONV_min*(1+p->Escale) is 2.164299e-07!
abserr is 3.634705e-05, but the convergence criterion CONV_min*(1+p->Escale) is 2.164299e-07!
abserr is 1.846491e-07, but the convergence criterion CONV_min*(1+p->Escale) is 2.164299e-07!
abserr is 1.240162e-07, but the convergence criterion CONV_min*(1+p->Escale) is 2.164299e-07!
a-alpha = -1.404576e-11, fpa = -4.343346e-06
abserr is 3.634717e-05, but the convergence criterion CONV_min*(1+p->Escale) is 2.164299e-07!
abserr is 1.997587e-07, but the convergence criterion CONV_min*(1+p->Escale) is 2.164299e-07!
abserr is 5.062680e-05, but the convergence criterion CONV_min*(1+p->Escale) is 2.164299e-07!
abserr is 5.062693e-05, but the convergence criterion CONV_min*(1+p->Escale) is 2.164299e-07!
abserr is 1.543327e-07, but the convergence criterion CONV_min*(1+p->Escale) is 2.164299e-07!
abserr is 1.543326e-07, but the convergence criterion CONV_min*(1+p->Escale) is 2.164299e-07!
abserr is 6.490700e-05, but the convergence criterion CONV_min*(1+p->Escale) is 2.164299e-07!
abserr is 2.149656e-07, but the convergence criterion CONV_min*(1+p->Escale) is 2.164299e-07!
abserr is 2.452821e-07, but the convergence criterion CONV_min*(1+p->Escale) is 2.164299e-07!
abserr is 6.477525e-07, but the convergence criterion CONV_min*(1+p->Escale) is 2.164299e-07!
