Restoring modules from user's standard_modules
parameter values for minimization:
K33 = 3.000000e+01
k24 = 1.000000e+00
Lambda = 1.000000e+01
d0 = 1.000000e+00
omega = 1.000000e+00
gamma_s = 2.000000e-02
initial guesses for R, eta, and delta:
guess for R = 1.000000e-03
guess for eta = 6.300000e+00
guess for delta = 8.100000e-01
estimated ranges of R, eta, and delta:
upper bound estimate of R = 5.000000e-01
lower bound estimate of R = 1.000000e-02
upper bound estimate of eta = 6.350000e+00
lower bound estimate of eta = 6.290000e+00
upper bound estimate of delta = 8.160000e-01
lower bound estimate of delta = 8.000000e-01
abserr is 6.353598e-05, but the convergence criterion CONV_min*(1+p->Escale) is 1.000000e-08!
abserr is 4.271758e-07, but the convergence criterion CONV_min*(1+p->Escale) is 1.000000e-08!
abserr is 1.543241e-07, but the convergence criterion CONV_min*(1+p->Escale) is 1.000000e-08!
    iteration	            R	          eta	        delta	            E	         dEdR	       dEdeta	     dEddelta	    grad norm
abserr is 1.491589e-05, but the convergence criterion CONV_min*(1+p->Escale) is 2.158986e-07!
abserr is 1.685055e-07, but the convergence criterion CONV_min*(1+p->Escale) is 2.158986e-07!
abserr is 6.485503e-05, but the convergence criterion CONV_min*(1+p->Escale) is 2.158986e-07!
abserr is 4.348678e-05, but the convergence criterion CONV_min*(1+p->Escale) is 2.164299e-07!
abserr is 2.206725e-05, but the convergence criterion CONV_min*(1+p->Escale) is 2.164299e-07!
abserr is 2.149656e-07, but the convergence criterion CONV_min*(1+p->Escale) is 2.164299e-07!
a-alpha = -1.149158e-13, fpa = -1.616093e-04
abserr is 6.490623e-05, but the convergence criterion CONV_min*(1+p->Escale) is 2.164299e-07!
abserr is 2.452821e-07, but the convergence criterion CONV_min*(1+p->Escale) is 2.164299e-07!
abserr is 5.062316e-05, but the convergence criterion CONV_min*(1+p->Escale) is 2.164299e-07!
abserr is 1.240162e-07, but the convergence criterion CONV_min*(1+p->Escale) is 2.164299e-07!
abserr is 6.478065e-07, but the convergence criterion CONV_min*(1+p->Escale) is 2.164299e-07!
abserr is 3.059151e-07, but the convergence criterion CONV_min*(1+p->Escale) is 2.164299e-07!
abserr is 2.920536e-05, but the convergence criterion CONV_min*(1+p->Escale) is 2.164299e-07!
abserr is 1.240162e-07, but the convergence criterion CONV_min*(1+p->Escale) is 2.164299e-07!
abserr is 5.776516e-05, but the convergence criterion CONV_min*(1+p->Escale) is 2.164299e-07!
abserr is 1.846491e-07, but the convergence criterion CONV_min*(1+p->Escale) is 2.164299e-07!
abserr is 3.634781e-05, but the convergence criterion CONV_min*(1+p->Escale) is 2.164299e-07!
abserr is 1.492754e-05, but the convergence criterion CONV_min*(1+p->Escale) is 2.164299e-07!
abserr is 1.240162e-07, but the convergence criterion CONV_min*(1+p->Escale) is 2.164299e-07!
abserr is 1.543326e-07, but the convergence criterion CONV_min*(1+p->Escale) is 2.164299e-07!
abserr is 1.492739e-05, but the convergence criterion CONV_min*(1+p->Escale) is 2.164299e-07!
abserr is 2.452821e-07, but the convergence criterion CONV_min*(1+p->Escale) is 2.164299e-07!
abserr is 3.362316e-07, but the convergence criterion CONV_min*(1+p->Escale) is 2.164299e-07!
abserr is 5.062641e-05, but the convergence criterion CONV_min*(1+p->Escale) is 2.164299e-07!
abserr is 1.846491e-07, but the convergence criterion CONV_min*(1+p->Escale) is 2.164299e-07!
abserr is 1.846491e-07, but the convergence criterion CONV_min*(1+p->Escale) is 2.164299e-07!
abserr is 5.062664e-05, but the convergence criterion CONV_min*(1+p->Escale) is 2.164299e-07!
abserr is 4.574976e-07, but the convergence criterion CONV_min*(1+p->Escale) is 2.164299e-07!
abserr is 8.632548e-05, but the convergence criterion CONV_min*(1+p->Escale) is 2.164299e-07!
abserr is 5.062618e-05, but the convergence criterion CONV_min*(1+p->Escale) is 2.164299e-07!
abserr is 3.665481e-07, but the convergence criterion CONV_min*(1+p->Escale) is 2.164299e-07!
abserr is 1.543326e-07, but the convergence criterion CONV_min*(1+p->Escale) is 2.164299e-07!
abserr is 2.206734e-05, but the convergence criterion CONV_min*(1+p->Escale) is 2.164299e-07!
abserr is 1.240162e-07, but the convergence criterion CONV_min*(1+p->Escale) is 2.164299e-07!
a-alpha = -8.478065e-10, fpa = -1.503171e-07
abserr is 2.206735e-05, but the convergence criterion CONV_min*(1+p->Escale) is 2.164299e-07!
abserr is 2.920688e-05, but the convergence criterion CONV_min*(1+p->Escale) is 2.164299e-07!
abserr is 1.240162e-07, but the convergence criterion CONV_min*(1+p->Escale) is 2.164299e-07!
abserr is 1.846491e-07, but the convergence criterion CONV_min*(1+p->Escale) is 2.164299e-07!
a-alpha = -2.079248e-10, fpa = -1.065318e-06
abserr is 3.634694e-05, but the convergence criterion CONV_min*(1+p->Escale) is 2.164299e-07!
abserr is 2.122753e-07, but the convergence criterion CONV_min*(1+p->Escale) is 2.164299e-07!
abserr is 1.077447e-04, but the convergence criterion CONV_min*(1+p->Escale) is 2.164299e-07!
a-alpha = -2.227499e-11, fpa = -8.758362e-07
abserr is 5.062629e-05, but the convergence criterion CONV_min*(1+p->Escale) is 2.164299e-07!
abserr is 1.543327e-07, but the convergence criterion CONV_min*(1+p->Escale) is 2.164299e-07!
a-alpha = -1.350906e-10, fpa = -8.415597e-07
abserr is 2.920706e-05, but the convergence criterion CONV_min*(1+p->Escale) is 2.164299e-07!
abserr is 1.543327e-07, but the convergence criterion CONV_min*(1+p->Escale) is 2.164299e-07!
abserr is 1.846491e-07, but the convergence criterion CONV_min*(1+p->Escale) is 2.164299e-07!
a-alpha = -7.821459e-11, fpa = -2.076464e-06
abserr is 1.492733e-05, but the convergence criterion CONV_min*(1+p->Escale) is 2.164299e-07!
abserr is 1.240162e-07, but the convergence criterion CONV_min*(1+p->Escale) is 2.164299e-07!
abserr is 2.149656e-07, but the convergence criterion CONV_min*(1+p->Escale) is 2.164299e-07!
abserr is 7.787487e-06, but the convergence criterion CONV_min*(1+p->Escale) is 2.164299e-07!
abserr is 3.059151e-07, but the convergence criterion CONV_min*(1+p->Escale) is 2.164299e-07!
a-alpha = 2.571863e-11, fpa = 1.382135e-06
abserr is 1.148838e-04, but the convergence criterion CONV_min*(1+p->Escale) is 2.164299e-07!
abserr is 1.773665e-07, but the convergence criterion CONV_min*(1+p->Escale) is 2.164299e-07!
abserr is 1.543326e-07, but the convergence criterion CONV_min*(1+p->Escale) is 2.164299e-07!
abserr is 5.062654e-05, but the convergence criterion CONV_min*(1+p->Escale) is 2.164299e-07!
abserr is 2.149656e-07, but the convergence criterion CONV_min*(1+p->Escale) is 2.164299e-07!
abserr is 3.362316e-07, but the convergence criterion CONV_min*(1+p->Escale) is 2.164299e-07!
a-alpha = -2.919635e-12, fpa = -2.335323e-05
abserr is 4.348656e-05, but the convergence criterion CONV_min*(1+p->Escale) is 2.164299e-07!
abserr is 1.684829e-07, but the convergence criterion CONV_min*(1+p->Escale) is 2.164299e-07!
abserr is 1.846491e-07, but the convergence criterion CONV_min*(1+p->Escale) is 2.164299e-07!
abserr is 5.776649e-05, but the convergence criterion CONV_min*(1+p->Escale) is 2.164299e-07!
abserr is 2.149656e-07, but the convergence criterion CONV_min*(1+p->Escale) is 2.164299e-07!
abserr is 2.920725e-05, but the convergence criterion CONV_min*(1+p->Escale) is 2.164299e-07!
abserr is 1.240162e-07, but the convergence criterion CONV_min*(1+p->Escale) is 2.164299e-07!
abserr is 7.918729e-05, but the convergence criterion CONV_min*(1+p->Escale) is 2.164299e-07!
abserr is 6.490652e-05, but the convergence criterion CONV_min*(1+p->Escale) is 2.164299e-07!
abserr is 2.755986e-07, but the convergence criterion CONV_min*(1+p->Escale) is 2.164299e-07!
abserr is 3.634723e-05, but the convergence criterion CONV_min*(1+p->Escale) is 2.164299e-07!
abserr is 3.665481e-07, but the convergence criterion CONV_min*(1+p->Escale) is 2.164299e-07!
abserr is 1.492755e-05, but the convergence criterion CONV_min*(1+p->Escale) is 2.164299e-07!
abserr is 1.240162e-07, but the convergence criterion CONV_min*(1+p->Escale) is 2.164299e-07!
abserr is 1.846491e-07, but the convergence criterion CONV_min*(1+p->Escale) is 2.164299e-07!
abserr is 1.492738e-05, but the convergence criterion CONV_min*(1+p->Escale) is 2.164299e-07!
abserr is 2.452821e-07, but the convergence criterion CONV_min*(1+p->Escale) is 2.164299e-07!
abserr is 2.206671e-05, but the convergence criterion CONV_min*(1+p->Escale) is 2.164299e-07!
abserr is 2.755986e-07, but the convergence criterion CONV_min*(1+p->Escale) is 2.164299e-07!
abserr is 1.846491e-07, but the convergence criterion CONV_min*(1+p->Escale) is 2.164299e-07!
abserr is 8.632359e-05, but the convergence criterion CONV_min*(1+p->Escale) is 2.164299e-07!
abserr is 1.928648e-07, but the convergence criterion CONV_min*(1+p->Escale) is 2.164299e-07!
abserr is 1.492735e-05, but the convergence criterion CONV_min*(1+p->Escale) is 2.164299e-07!
abserr is 4.478462e-07, but the convergence criterion CONV_min*(1+p->Escale) is 2.164299e-07!
abserr is 7.787486e-06, but the convergence criterion CONV_min*(1+p->Escale) is 2.164299e-07!
abserr is 1.846491e-07, but the convergence criterion CONV_min*(1+p->Escale) is 2.164299e-07!
abserr is 7.787524e-06, but the convergence criterion CONV_min*(1+p->Escale) is 2.164299e-07!
abserr is 2.452821e-07, but the convergence criterion CONV_min*(1+p->Escale) is 2.164299e-07!
a-alpha = -1.329719e-10, fpa = -1.352768e-07
abserr is 4.348678e-05, but the convergence criterion CONV_min*(1+p->Escale) is 2.164299e-07!
abserr is 1.846491e-07, but the convergence criterion CONV_min*(1+p->Escale) is 2.164299e-07!
abserr is 1.240162e-07, but the convergence criterion CONV_min*(1+p->Escale) is 2.164299e-07!
abserr is 7.787549e-06, but the convergence criterion CONV_min*(1+p->Escale) is 2.164299e-07!
abserr is 2.206704e-05, but the convergence criterion CONV_min*(1+p->Escale) is 2.164299e-07!
abserr is 2.452821e-07, but the convergence criterion CONV_min*(1+p->Escale) is 2.164299e-07!
a-alpha = 1.296955e-09, fpa = 8.378505e-08
abserr is 1.648632e-04, but the convergence criterion CONV_min*(1+p->Escale) is 2.164299e-07!
abserr is 3.968646e-07, but the convergence criterion CONV_min*(1+p->Escale) is 2.164299e-07!
abserr is 1.684830e-07, but the convergence criterion CONV_min*(1+p->Escale) is 2.164299e-07!
abserr is 2.920691e-05, but the convergence criterion CONV_min*(1+p->Escale) is 2.164299e-07!
abserr is 1.240162e-07, but the convergence criterion CONV_min*(1+p->Escale) is 2.164299e-07!
abserr is 5.062655e-05, but the convergence criterion CONV_min*(1+p->Escale) is 2.164299e-07!
abserr is 3.634692e-05, but the convergence criterion CONV_min*(1+p->Escale) is 2.164299e-07!
abserr is 1.846491e-07, but the convergence criterion CONV_min*(1+p->Escale) is 2.164299e-07!
abserr is 1.846491e-07, but the convergence criterion CONV_min*(1+p->Escale) is 2.164299e-07!
a-alpha = -1.410548e-11, fpa = -2.928844e-06
abserr is 4.348642e-05, but the convergence criterion CONV_min*(1+p->Escale) is 2.164299e-07!
abserr is 1.928648e-07, but the convergence criterion CONV_min*(1+p->Escale) is 2.164299e-07!
abserr is 3.634711e-05, but the convergence criterion CONV_min*(1+p->Escale) is 2.164299e-07!
abserr is 1.240162e-07, but the convergence criterion CONV_min*(1+p->Escale) is 2.164299e-07!
a-alpha = -4.420452e-11, fpa = -2.574297e-06
abserr is 2.206725e-05, but the convergence criterion CONV_min*(1+p->Escale) is 2.164299e-07!
abserr is 1.846491e-07, but the convergence criterion CONV_min*(1+p->Escale) is 2.164299e-07!
abserr is 2.206714e-05, but the convergence criterion CONV_min*(1+p->Escale) is 2.164299e-07!
abserr is 1.846491e-07, but the convergence criterion CONV_min*(1+p->Escale) is 2.164299e-07!
abserr is 7.918729e-05, but the convergence criterion CONV_min*(1+p->Escale) is 2.164299e-07!
abserr is 2.149656e-07, but the convergence criterion CONV_min*(1+p->Escale) is 2.164299e-07!
abserr is 1.846491e-07, but the convergence criterion CONV_min*(1+p->Escale) is 2.164299e-07!
abserr is 3.634689e-05, but the convergence criterion CONV_min*(1+p->Escale) is 2.164299e-07!
abserr is 2.755986e-07, but the convergence criterion CONV_min*(1+p->Escale) is 2.164299e-07!
a-alpha = -2.939562e-10, fpa = -3.130726e-07
abserr is 2.206727e-05, but the convergence criterion CONV_min*(1+p->Escale) is 2.164299e-07!
abserr is 1.240162e-07, but the convergence criterion CONV_min*(1+p->Escale) is 2.164299e-07!
abserr is 7.787576e-06, but the convergence criterion CONV_min*(1+p->Escale) is 2.164299e-07!
abserr is 2.920705e-05, but the convergence criterion CONV_min*(1+p->Escale) is 2.164299e-07!
abserr is 1.240162e-07, but the convergence criterion CONV_min*(1+p->Escale) is 2.164299e-07!
a-alpha = -1.190849e-09, fpa = -5.490271e-08
abserr is 2.920710e-05, but the convergence criterion CONV_min*(1+p->Escale) is 2.164299e-07!
abserr is 2.149656e-07, but the convergence criterion CONV_min*(1+p->Escale) is 2.164299e-07!
abserr is 5.062676e-05, but the convergence criterion CONV_min*(1+p->Escale) is 2.164299e-07!
a-alpha = -3.303861e-10, fpa = -2.375152e-07
abserr is 3.634699e-05, but the convergence criterion CONV_min*(1+p->Escale) is 2.164299e-07!
abserr is 2.149656e-07, but the convergence criterion CONV_min*(1+p->Escale) is 2.164299e-07!
abserr is 1.240162e-07, but the convergence criterion CONV_min*(1+p->Escale) is 2.164299e-07!
abserr is 3.634691e-05, but the convergence criterion CONV_min*(1+p->Escale) is 2.164299e-07!
abserr is 1.854394e-07, but the convergence criterion CONV_min*(1+p->Escale) is 2.164299e-07!
abserr is 1.240162e-07, but the convergence criterion CONV_min*(1+p->Escale) is 2.164299e-07!
abserr is 2.920716e-05, but the convergence criterion CONV_min*(1+p->Escale) is 2.164299e-07!
a-alpha = 1.182147e-11, fpa = 7.165726e-06
abserr is 1.492748e-05, but the convergence criterion CONV_min*(1+p->Escale) is 2.164299e-07!
abserr is 3.665481e-07, but the convergence criterion CONV_min*(1+p->Escale) is 2.164299e-07!
abserr is 2.755986e-07, but the convergence criterion CONV_min*(1+p->Escale) is 2.164299e-07!
abserr is 2.920698e-05, but the convergence criterion CONV_min*(1+p->Escale) is 2.164299e-07!
abserr is 1.006046e-04, but the convergence criterion CONV_min*(1+p->Escale) is 2.164299e-07!
abserr is 1.543327e-07, but the convergence criterion CONV_min*(1+p->Escale) is 2.164299e-07!
abserr is 5.776614e-05, but the convergence criterion CONV_min*(1+p->Escale) is 2.164299e-07!
abserr is 1.543327e-07, but the convergence criterion CONV_min*(1+p->Escale) is 2.164299e-07!
abserr is 3.634626e-05, but the convergence criterion CONV_min*(1+p->Escale) is 2.164299e-07!
abserr is 2.452821e-07, but the convergence criterion CONV_min*(1+p->Escale) is 2.164299e-07!
abserr is 3.665481e-07, but the convergence criterion CONV_min*(1+p->Escale) is 2.164299e-07!
abserr is 7.918453e-05, but the convergence criterion CONV_min*(1+p->Escale) is 2.164299e-07!
abserr is 1.240162e-07, but the convergence criterion CONV_min*(1+p->Escale) is 2.164299e-07!
abserr is 1.240162e-07, but the convergence criterion CONV_min*(1+p->Escale) is 2.164299e-07!
a-alpha = -1.474504e-09, fpa = -8.542169e-08
abserr is 5.062575e-05, but the convergence criterion CONV_min*(1+p->Escale) is 2.164299e-07!
abserr is 2.206710e-05, but the convergence criterion CONV_min*(1+p->Escale) is 2.164299e-07!
abserr is 1.240162e-07, but the convergence criterion CONV_min*(1+p->Escale) is 2.164299e-07!
abserr is 1.240162e-07, but the convergence criterion CONV_min*(1+p->Escale) is 2.164299e-07!
abserr is 4.348682e-05, but the convergence criterion CONV_min*(1+p->Escale) is 2.164299e-07!
abserr is 2.755986e-07, but the convergence criterion CONV_min*(1+p->Escale) is 2.164299e-07!
abserr is 3.968646e-07, but the convergence criterion CONV_min*(1+p->Escale) is 2.164299e-07!
a-alpha = -1.328075e-09, fpa = -2.502544e-08
abserr is 6.476993e-07, but the convergence criterion CONV_min*(1+p->Escale) is 2.164299e-07!
abserr is 4.574976e-07, but the convergence criterion CONV_min*(1+p->Escale) is 2.164299e-07!
a-alpha = -2.251054e-10, fpa = -8.417306e-07
abserr is 6.490613e-05, but the convergence criterion CONV_min*(1+p->Escale) is 2.164299e-07!
abserr is 3.362316e-07, but the convergence criterion CONV_min*(1+p->Escale) is 2.164299e-07!
abserr is 1.846491e-07, but the convergence criterion CONV_min*(1+p->Escale) is 2.164299e-07!
abserr is 3.634697e-05, but the convergence criterion CONV_min*(1+p->Escale) is 2.164299e-07!
abserr is 1.543327e-07, but the convergence criterion CONV_min*(1+p->Escale) is 2.164299e-07!
abserr is 2.755986e-07, but the convergence criterion CONV_min*(1+p->Escale) is 2.164299e-07!
a-alpha = -2.832758e-10, fpa = -2.505631e-07
abserr is 1.148853e-04, but the convergence criterion CONV_min*(1+p->Escale) is 2.164299e-07!
abserr is 1.006050e-04, but the convergence criterion CONV_min*(1+p->Escale) is 2.164299e-07!
abserr is 2.920698e-05, but the convergence criterion CONV_min*(1+p->Escale) is 2.164299e-07!
abserr is 2.149656e-07, but the convergence criterion CONV_min*(1+p->Escale) is 2.164299e-07!
abserr is 7.787472e-06, but the convergence criterion CONV_min*(1+p->Escale) is 2.164299e-07!
abserr is 2.452821e-07, but the convergence criterion CONV_min*(1+p->Escale) is 2.164299e-07!
abserr is 2.920694e-05, but the convergence criterion CONV_min*(1+p->Escale) is 2.164299e-07!
abserr is 1.492732e-05, but the convergence criterion CONV_min*(1+p->Escale) is 2.164299e-07!
a-alpha = -3.553920e-11, fpa = -2.067054e-06
abserr is 2.206713e-05, but the convergence criterion CONV_min*(1+p->Escale) is 2.164299e-07!
abserr is 7.204588e-05, but the convergence criterion CONV_min*(1+p->Escale) is 2.164299e-07!
abserr is 2.755986e-07, but the convergence criterion CONV_min*(1+p->Escale) is 2.164299e-07!
abserr is 1.543326e-07, but the convergence criterion CONV_min*(1+p->Escale) is 2.164299e-07!
abserr is 1.291651e-04, but the convergence criterion CONV_min*(1+p->Escale) is 2.164299e-07!
a-alpha = 1.271902e-10, fpa = 1.287296e-06
abserr is 7.918632e-05, but the convergence criterion CONV_min*(1+p->Escale) is 2.164299e-07!
abserr is 1.240162e-07, but the convergence criterion CONV_min*(1+p->Escale) is 2.164299e-07!
abserr is 7.787482e-06, but the convergence criterion CONV_min*(1+p->Escale) is 2.164299e-07!
abserr is 1.846491e-07, but the convergence criterion CONV_min*(1+p->Escale) is 2.164299e-07!
abserr is 2.920692e-05, but the convergence criterion CONV_min*(1+p->Escale) is 2.164299e-07!
abserr is 5.776629e-05, but the convergence criterion CONV_min*(1+p->Escale) is 2.164299e-07!
abserr is 2.149656e-07, but the convergence criterion CONV_min*(1+p->Escale) is 2.164299e-07!
abserr is 1.240162e-07, but the convergence criterion CONV_min*(1+p->Escale) is 2.164299e-07!
abserr is 3.634669e-05, but the convergence criterion CONV_min*(1+p->Escale) is 2.164299e-07!
abserr is 1.543327e-07, but the convergence criterion CONV_min*(1+p->Escale) is 2.164299e-07!
abserr is 2.452821e-07, but the convergence criterion CONV_min*(1+p->Escale) is 2.164299e-07!
abserr is 4.348576e-05, but the convergence criterion CONV_min*(1+p->Escale) is 2.164299e-07!
abserr is 1.543327e-07, but the convergence criterion CONV_min*(1+p->Escale) is 2.164299e-07!
abserr is 2.206330e-05, but the convergence criterion CONV_min*(1+p->Escale) is 2.164299e-07!
abserr is 2.755986e-07, but the convergence criterion CONV_min*(1+p->Escale) is 2.164299e-07!
abserr is 1.773665e-07, but the convergence criterion CONV_min*(1+p->Escale) is 2.164299e-07!
abserr is 2.919468e-05, but the convergence criterion CONV_min*(1+p->Escale) is 2.164299e-07!
abserr is 3.632964e-05, but the convergence criterion CONV_min*(1+p->Escale) is 2.164299e-07!
abserr is 1.846491e-07, but the convergence criterion CONV_min*(1+p->Escale) is 2.164299e-07!
abserr is 1.240162e-07, but the convergence criterion CONV_min*(1+p->Escale) is 2.164299e-07!
abserr is 7.787480e-06, but the convergence criterion CONV_min*(1+p->Escale) is 2.164299e-07!
abserr is 1.492735e-05, but the convergence criterion CONV_min*(1+p->Escale) is 2.164299e-07!
abserr is 2.452821e-07, but the convergence criterion CONV_min*(1+p->Escale) is 2.164299e-07!
abserr is 2.149656e-07, but the convergence criterion CONV_min*(1+p->Escale) is 2.164299e-07!
abserr is 1.006049e-04, but the convergence criterion CONV_min*(1+p->Escale) is 2.164299e-07!
a-alpha = -1.272011e-09, fpa = -2.881006e-08
abserr is 8.632506e-05, but the convergence criterion CONV_min*(1+p->Escale) is 2.164299e-07!
abserr is 1.240162e-07, but the convergence criterion CONV_min*(1+p->Escale) is 2.164299e-07!
abserr is 1.543326e-07, but the convergence criterion CONV_min*(1+p->Escale) is 2.164299e-07!
abserr is 3.634679e-05, but the convergence criterion CONV_min*(1+p->Escale) is 2.164299e-07!
a-alpha = 8.840372e-11, fpa = 2.473839e-07
abserr is 5.062643e-05, but the convergence criterion CONV_min*(1+p->Escale) is 2.164299e-07!
abserr is 7.918486e-05, but the convergence criterion CONV_min*(1+p->Escale) is 2.164299e-07!
abserr is 1.543326e-07, but the convergence criterion CONV_min*(1+p->Escale) is 2.164299e-07!
abserr is 5.062629e-05, but the convergence criterion CONV_min*(1+p->Escale) is 2.164299e-07!
abserr is 1.854394e-07, but the convergence criterion CONV_min*(1+p->Escale) is 2.164299e-07!
abserr is 4.348620e-05, but the convergence criterion CONV_min*(1+p->Escale) is 2.164299e-07!
abserr is 1.492732e-05, but the convergence criterion CONV_min*(1+p->Escale) is 2.164299e-07!
abserr is 1.997585e-07, but the convergence criterion CONV_min*(1+p->Escale) is 2.164299e-07!
a-alpha = -3.158994e-10, fpa = -3.282232e-07
abserr is 3.634693e-05, but the convergence criterion CONV_min*(1+p->Escale) is 2.164299e-07!
abserr is 2.149656e-07, but the convergence criterion CONV_min*(1+p->Escale) is 2.164299e-07!
abserr is 2.206701e-05, but the convergence criterion CONV_min*(1+p->Escale) is 2.164299e-07!
abserr is 1.240162e-07, but the convergence criterion CONV_min*(1+p->Escale) is 2.164299e-07!
abserr is 5.062588e-05, but the convergence criterion CONV_min*(1+p->Escale) is 2.164299e-07!
abserr is 1.846491e-07, but the convergence criterion CONV_min*(1+p->Escale) is 2.164299e-07!
abserr is 7.787409e-06, but the convergence criterion CONV_min*(1+p->Escale) is 2.164299e-07!
abserr is 1.997585e-07, but the convergence criterion CONV_min*(1+p->Escale) is 2.164299e-07!
abserr is 5.062563e-05, but the convergence criterion CONV_min*(1+p->Escale) is 2.164299e-07!
abserr is 2.149656e-07, but the convergence criterion CONV_min*(1+p->Escale) is 2.164299e-07!
abserr is 2.920663e-05, but the convergence criterion CONV_min*(1+p->Escale) is 2.164299e-07!
abserr is 2.920670e-05, but the convergence criterion CONV_min*(1+p->Escale) is 2.164299e-07!
abserr is 1.240162e-07, but the convergence criterion CONV_min*(1+p->Escale) is 2.164299e-07!
abserr is 7.204500e-05, but the convergence criterion CONV_min*(1+p->Escale) is 2.164299e-07!
abserr is 1.846491e-07, but the convergence criterion CONV_min*(1+p->Escale) is 2.164299e-07!
a-alpha = 5.218269e-10, fpa = 1.778216e-07
abserr is 3.634647e-05, but the convergence criterion CONV_min*(1+p->Escale) is 2.164299e-07!
abserr is 1.240162e-07, but the convergence criterion CONV_min*(1+p->Escale) is 2.164299e-07!
abserr is 3.634699e-05, but the convergence criterion CONV_min*(1+p->Escale) is 2.164299e-07!
abserr is 3.634686e-05, but the convergence criterion CONV_min*(1+p->Escale) is 2.164299e-07!
abserr is 1.846491e-07, but the convergence criterion CONV_min*(1+p->Escale) is 2.164299e-07!
a-alpha = 1.429252e-10, fpa = 1.615946e-07
abserr is 4.348652e-05, but the convergence criterion CONV_min*(1+p->Escale) is 2.164299e-07!
abserr is 1.240162e-07, but the convergence criterion CONV_min*(1+p->Escale) is 2.164299e-07!
abserr is 2.206711e-05, but the convergence criterion CONV_min*(1+p->Escale) is 2.164299e-07!
abserr is 5.787635e-07, but the convergence criterion CONV_min*(1+p->Escale) is 2.164299e-07!
abserr is 6.476951e-07, but the convergence criterion CONV_min*(1+p->Escale) is 2.164299e-07!
abserr is 2.755986e-07, but the convergence criterion CONV_min*(1+p->Escale) is 2.164299e-07!
a-alpha = 2.809086e-09, fpa = 2.748889e-08
abserr is 1.006049e-04, but the convergence criterion CONV_min*(1+p->Escale) is 2.164299e-07!
abserr is 3.968646e-07, but the convergence criterion CONV_min*(1+p->Escale) is 2.164299e-07!
abserr is 2.206713e-05, but the convergence criterion CONV_min*(1+p->Escale) is 2.164299e-07!
abserr is 2.149656e-07, but the convergence criterion CONV_min*(1+p->Escale) is 2.164299e-07!
a-alpha = 2.764147e-08, fpa = 5.114292e-09
abserr is 7.204584e-05, but the convergence criterion CONV_min*(1+p->Escale) is 2.164299e-07!
abserr is 1.773664e-07, but the convergence criterion CONV_min*(1+p->Escale) is 2.164299e-07!
abserr is 1.846491e-07, but the convergence criterion CONV_min*(1+p->Escale) is 2.164299e-07!
abserr is 5.776591e-05, but the convergence criterion CONV_min*(1+p->Escale) is 2.164299e-07!
abserr is 1.240162e-07, but the convergence criterion CONV_min*(1+p->Escale) is 2.164299e-07!
abserr is 7.787447e-06, but the convergence criterion CONV_min*(1+p->Escale) is 2.164299e-07!
a-alpha = -1.002828e-11, fpa = -4.308683e-06
abserr is 5.776578e-05, but the convergence criterion CONV_min*(1+p->Escale) is 2.164299e-07!
abserr is 2.149656e-07, but the convergence criterion CONV_min*(1+p->Escale) is 2.164299e-07!
abserr is 1.543326e-07, but the convergence criterion CONV_min*(1+p->Escale) is 2.164299e-07!
abserr is 7.918638e-05, but the convergence criterion CONV_min*(1+p->Escale) is 2.164299e-07!
abserr is 1.240162e-07, but the convergence criterion CONV_min*(1+p->Escale) is 2.164299e-07!
abserr is 2.206730e-05, but the convergence criterion CONV_min*(1+p->Escale) is 2.164299e-07!
abserr is 3.968646e-07, but the convergence criterion CONV_min*(1+p->Escale) is 2.164299e-07!
abserr is 2.920699e-05, but the convergence criterion CONV_min*(1+p->Escale) is 2.164299e-07!
abserr is 1.240162e-07, but the convergence criterion CONV_min*(1+p->Escale) is 2.164299e-07!
a-alpha = -1.300535e-10, fpa = -4.556152e-07
abserr is 1.492742e-05, but the convergence criterion CONV_min*(1+p->Escale) is 2.164299e-07!
abserr is 2.755986e-07, but the convergence criterion CONV_min*(1+p->Escale) is 2.164299e-07!
abserr is 5.062637e-05, but the convergence criterion CONV_min*(1+p->Escale) is 2.164299e-07!
a-alpha = -7.772233e-10, fpa = -2.499475e-08
abserr is 3.634677e-05, but the convergence criterion CONV_min*(1+p->Escale) is 2.164299e-07!
abserr is 2.920697e-05, but the convergence criterion CONV_min*(1+p->Escale) is 2.164299e-07!
abserr is 3.059151e-07, but the convergence criterion CONV_min*(1+p->Escale) is 2.164299e-07!
abserr is 6.490605e-05, but the convergence criterion CONV_min*(1+p->Escale) is 2.164299e-07!
abserr is 2.755986e-07, but the convergence criterion CONV_min*(1+p->Escale) is 2.164299e-07!
a-alpha = -1.007599e-10, fpa = -2.172864e-07
abserr is 2.206709e-05, but the convergence criterion CONV_min*(1+p->Escale) is 2.164299e-07!
a-alpha = -3.494542e-10, fpa = -5.474143e-07
abserr is 7.918591e-05, but the convergence criterion CONV_min*(1+p->Escale) is 2.164299e-07!
abserr is 1.240162e-07, but the convergence criterion CONV_min*(1+p->Escale) is 2.164299e-07!
a-alpha = -9.743149e-11, fpa = -8.221075e-07
abserr is 9.346532e-05, but the convergence criterion CONV_min*(1+p->Escale) is 2.164299e-07!
abserr is 1.543327e-07, but the convergence criterion CONV_min*(1+p->Escale) is 2.164299e-07!
a-alpha = -2.421240e-11, fpa = -5.336916e-06
abserr is 1.006059e-04, but the convergence criterion CONV_min*(1+p->Escale) is 2.164299e-07!
abserr is 2.149656e-07, but the convergence criterion CONV_min*(1+p->Escale) is 2.164299e-07!
abserr is 1.543326e-07, but the convergence criterion CONV_min*(1+p->Escale) is 2.164299e-07!
a-alpha = -4.985725e-11, fpa = -4.197829e-06
abserr is 7.204554e-05, but the convergence criterion CONV_min*(1+p->Escale) is 2.164299e-07!
abserr is 4.271811e-07, but the convergence criterion CONV_min*(1+p->Escale) is 2.164299e-07!
abserr is 3.968646e-07, but the convergence criterion CONV_min*(1+p->Escale) is 2.164299e-07!
abserr is 3.634667e-05, but the convergence criterion CONV_min*(1+p->Escale) is 2.164299e-07!
abserr is 1.543327e-07, but the convergence criterion CONV_min*(1+p->Escale) is 2.164299e-07!
abserr is 1.773665e-07, but the convergence criterion CONV_min*(1+p->Escale) is 2.164299e-07!
abserr is 2.920669e-05, but the convergence criterion CONV_min*(1+p->Escale) is 2.164299e-07!
abserr is 1.846491e-07, but the convergence criterion CONV_min*(1+p->Escale) is 2.164299e-07!
a-alpha = 1.186443e-11, fpa = 5.405937e-06
abserr is 7.787386e-06, but the convergence criterion CONV_min*(1+p->Escale) is 2.164299e-07!
abserr is 4.271811e-07, but the convergence criterion CONV_min*(1+p->Escale) is 2.164299e-07!
abserr is 1.240162e-07, but the convergence criterion CONV_min*(1+p->Escale) is 2.164299e-07!
abserr is 1.492708e-05, but the convergence criterion CONV_min*(1+p->Escale) is 2.164299e-07!
abserr is 3.968646e-07, but the convergence criterion CONV_min*(1+p->Escale) is 2.164299e-07!
abserr is 2.206687e-05, but the convergence criterion CONV_min*(1+p->Escale) is 2.164299e-07!
abserr is 6.477202e-07, but the convergence criterion CONV_min*(1+p->Escale) is 2.164299e-07!
abserr is 3.362316e-07, but the convergence criterion CONV_min*(1+p->Escale) is 2.164299e-07!
abserr is 1.492706e-05, but the convergence criterion CONV_min*(1+p->Escale) is 2.164299e-07!
abserr is 1.077383e-04, but the convergence criterion CONV_min*(1+p->Escale) is 2.164299e-07!
abserr is 3.362316e-07, but the convergence criterion CONV_min*(1+p->Escale) is 2.164299e-07!
abserr is 2.755986e-07, but the convergence criterion CONV_min*(1+p->Escale) is 2.164299e-07!
abserr is 4.348258e-05, but the convergence criterion CONV_min*(1+p->Escale) is 2.164299e-07!
abserr is 2.452821e-07, but the convergence criterion CONV_min*(1+p->Escale) is 2.164299e-07!
abserr is 1.543326e-07, but the convergence criterion CONV_min*(1+p->Escale) is 2.164299e-07!
abserr is 5.062299e-05, but the convergence criterion CONV_min*(1+p->Escale) is 2.164299e-07!
abserr is 1.240162e-07, but the convergence criterion CONV_min*(1+p->Escale) is 2.164299e-07!
abserr is 1.543326e-07, but the convergence criterion CONV_min*(1+p->Escale) is 2.164299e-07!
abserr is 2.920720e-05, but the convergence criterion CONV_min*(1+p->Escale) is 2.164299e-07!
abserr is 1.846491e-07, but the convergence criterion CONV_min*(1+p->Escale) is 2.164299e-07!
abserr is 4.348653e-05, but the convergence criterion CONV_min*(1+p->Escale) is 2.164299e-07!
abserr is 1.543327e-07, but the convergence criterion CONV_min*(1+p->Escale) is 2.164299e-07!
abserr is 1.240162e-07, but the convergence criterion CONV_min*(1+p->Escale) is 2.164299e-07!
abserr is 5.062619e-05, but the convergence criterion CONV_min*(1+p->Escale) is 2.164299e-07!
a-alpha = 1.405049e-10, fpa = 1.194912e-07
abserr is 6.477000e-07, but the convergence criterion CONV_min*(1+p->Escale) is 2.164299e-07!
abserr is 3.634692e-05, but the convergence criterion CONV_min*(1+p->Escale) is 2.164299e-07!
abserr is 6.490604e-05, but the convergence criterion CONV_min*(1+p->Escale) is 2.164299e-07!
abserr is 2.755986e-07, but the convergence criterion CONV_min*(1+p->Escale) is 2.164299e-07!
abserr is 2.149656e-07, but the convergence criterion CONV_min*(1+p->Escale) is 2.164299e-07!
a-alpha = -4.750895e-11, fpa = -6.454900e-07
abserr is 3.634678e-05, but the convergence criterion CONV_min*(1+p->Escale) is 2.164299e-07!
abserr is 4.348655e-05, but the convergence criterion CONV_min*(1+p->Escale) is 2.164299e-07!
abserr is 1.543327e-07, but the convergence criterion CONV_min*(1+p->Escale) is 2.164299e-07!
abserr is 1.240162e-07, but the convergence criterion CONV_min*(1+p->Escale) is 2.164299e-07!
abserr is 1.434447e-04, but the convergence criterion CONV_min*(1+p->Escale) is 2.164299e-07!
abserr is 3.059151e-07, but the convergence criterion CONV_min*(1+p->Escale) is 2.164299e-07!
abserr is 2.452821e-07, but the convergence criterion CONV_min*(1+p->Escale) is 2.164299e-07!
abserr is 2.920696e-05, but the convergence criterion CONV_min*(1+p->Escale) is 2.164299e-07!
abserr is 1.854395e-07, but the convergence criterion CONV_min*(1+p->Escale) is 2.164299e-07!
abserr is 5.776556e-05, but the convergence criterion CONV_min*(1+p->Escale) is 2.164299e-07!
abserr is 1.846491e-07, but the convergence criterion CONV_min*(1+p->Escale) is 2.164299e-07!
abserr is 3.059151e-07, but the convergence criterion CONV_min*(1+p->Escale) is 2.164299e-07!
abserr is 8.632425e-05, but the convergence criterion CONV_min*(1+p->Escale) is 2.164299e-07!
abserr is 3.362316e-07, but the convergence criterion CONV_min*(1+p->Escale) is 2.164299e-07!
a-alpha = 1.973907e-10, fpa = 1.521051e-07
abserr is 3.634616e-05, but the convergence criterion CONV_min*(1+p->Escale) is 2.164299e-07!
abserr is 2.452821e-07, but the convergence criterion CONV_min*(1+p->Escale) is 2.164299e-07!
abserr is 5.062650e-05, but the convergence criterion CONV_min*(1+p->Escale) is 2.164299e-07!
abserr is 2.755986e-07, but the convergence criterion CONV_min*(1+p->Escale) is 2.164299e-07!
a-alpha = 1.907380e-11, fpa = 6.242012e-07
abserr is 6.490630e-05, but the convergence criterion CONV_min*(1+p->Escale) is 2.164299e-07!
abserr is 2.452821e-07, but the convergence criterion CONV_min*(1+p->Escale) is 2.164299e-07!
abserr is 5.062640e-05, but the convergence criterion CONV_min*(1+p->Escale) is 2.164299e-07!
abserr is 4.574976e-07, but the convergence criterion CONV_min*(1+p->Escale) is 2.164299e-07!
abserr is 2.149656e-07, but the convergence criterion CONV_min*(1+p->Escale) is 2.164299e-07!
a-alpha = -3.364901e-10, fpa = -3.358187e-07
abserr is 3.634673e-05, but the convergence criterion CONV_min*(1+p->Escale) is 2.164299e-07!
abserr is 2.206719e-05, but the convergence criterion CONV_min*(1+p->Escale) is 2.164299e-07!
abserr is 2.149656e-07, but the convergence criterion CONV_min*(1+p->Escale) is 2.164299e-07!
abserr is 2.149656e-07, but the convergence criterion CONV_min*(1+p->Escale) is 2.164299e-07!
abserr is 7.918598e-05, but the convergence criterion CONV_min*(1+p->Escale) is 2.164299e-07!
abserr is 1.773664e-07, but the convergence criterion CONV_min*(1+p->Escale) is 2.164299e-07!
abserr is 1.543326e-07, but the convergence criterion CONV_min*(1+p->Escale) is 2.164299e-07!
a-alpha = 1.178674e-10, fpa = 1.957237e-07
abserr is 1.006054e-04, but the convergence criterion CONV_min*(1+p->Escale) is 2.164299e-07!
abserr is 6.476914e-07, but the convergence criterion CONV_min*(1+p->Escale) is 2.164299e-07!
a-alpha = -3.356206e-11, fpa = -1.717236e-06
abserr is 5.776573e-05, but the convergence criterion CONV_min*(1+p->Escale) is 2.164299e-07!
abserr is 2.452821e-07, but the convergence criterion CONV_min*(1+p->Escale) is 2.164299e-07!
abserr is 2.206742e-05, but the convergence criterion CONV_min*(1+p->Escale) is 2.164299e-07!
abserr is 3.059151e-07, but the convergence criterion CONV_min*(1+p->Escale) is 2.164299e-07!
abserr is 6.490614e-05, but the convergence criterion CONV_min*(1+p->Escale) is 2.164299e-07!
abserr is 2.452821e-07, but the convergence criterion CONV_min*(1+p->Escale) is 2.164299e-07!
abserr is 3.059151e-07, but the convergence criterion CONV_min*(1+p->Escale) is 2.164299e-07!
a-alpha = 6.300785e-11, fpa = 3.595556e-07
abserr is 2.206735e-05, but the convergence criterion CONV_min*(1+p->Escale) is 2.164299e-07!
abserr is 3.634716e-05, but the convergence criterion CONV_min*(1+p->Escale) is 2.164299e-07!
abserr is 3.362316e-07, but the convergence criterion CONV_min*(1+p->Escale) is 2.164299e-07!
abserr is 7.204604e-05, but the convergence criterion CONV_min*(1+p->Escale) is 2.164299e-07!
abserr is 3.634645e-05, but the convergence criterion CONV_min*(1+p->Escale) is 2.164299e-07!
abserr is 2.206719e-05, but the convergence criterion CONV_min*(1+p->Escale) is 2.164299e-07!
abserr is 2.149656e-07, but the convergence criterion CONV_min*(1+p->Escale) is 2.164299e-07!
a-alpha = 9.234040e-10, fpa = 5.479825e-08
abserr is 2.920718e-05, but the convergence criterion CONV_min*(1+p->Escale) is 2.164299e-07!
abserr is 1.240162e-07, but the convergence criterion CONV_min*(1+p->Escale) is 2.164299e-07!
abserr is 5.062663e-05, but the convergence criterion CONV_min*(1+p->Escale) is 2.164299e-07!
abserr is 7.787519e-06, but the convergence criterion CONV_min*(1+p->Escale) is 2.164299e-07!
a-alpha = 6.182892e-09, fpa = 3.522024e-08
abserr is 3.634696e-05, but the convergence criterion CONV_min*(1+p->Escale) is 2.164299e-07!
abserr is 2.755986e-07, but the convergence criterion CONV_min*(1+p->Escale) is 2.164299e-07!
abserr is 2.920689e-05, but the convergence criterion CONV_min*(1+p->Escale) is 2.164299e-07!
abserr is 2.452821e-07, but the convergence criterion CONV_min*(1+p->Escale) is 2.164299e-07!
a-alpha = 2.362843e-09, fpa = 7.438405e-08
abserr is 7.787568e-06, but the convergence criterion CONV_min*(1+p->Escale) is 2.164299e-07!
abserr is 1.997586e-07, but the convergence criterion CONV_min*(1+p->Escale) is 2.164299e-07!
abserr is 3.059151e-07, but the convergence criterion CONV_min*(1+p->Escale) is 2.164299e-07!
a-alpha = -3.117941e-11, fpa = -4.675500e-06
abserr is 6.476968e-07, but the convergence criterion CONV_min*(1+p->Escale) is 2.164299e-07!
abserr is 3.968646e-07, but the convergence criterion CONV_min*(1+p->Escale) is 2.164299e-07!
abserr is 3.059151e-07, but the convergence criterion CONV_min*(1+p->Escale) is 2.164299e-07!
abserr is 5.062657e-05, but the convergence criterion CONV_min*(1+p->Escale) is 2.164299e-07!
abserr is 1.854394e-07, but the convergence criterion CONV_min*(1+p->Escale) is 2.164299e-07!
abserr is 1.240162e-07, but the convergence criterion CONV_min*(1+p->Escale) is 2.164299e-07!
a-alpha = -1.230742e-11, fpa = -3.492899e-06
abserr is 3.634687e-05, but the convergence criterion CONV_min*(1+p->Escale) is 2.164299e-07!
abserr is 7.787537e-06, but the convergence criterion CONV_min*(1+p->Escale) is 2.164299e-07!
abserr is 2.149656e-07, but the convergence criterion CONV_min*(1+p->Escale) is 2.164299e-07!
abserr is 1.240162e-07, but the convergence criterion CONV_min*(1+p->Escale) is 2.164299e-07!
a-alpha = -3.285424e-12, fpa = -3.270999e-05
abserr is 7.787607e-06, but the convergence criterion CONV_min*(1+p->Escale) is 2.164299e-07!
abserr is 1.240162e-07, but the convergence criterion CONV_min*(1+p->Escale) is 2.164299e-07!
abserr is 4.878140e-07, but the convergence criterion CONV_min*(1+p->Escale) is 2.164299e-07!
abserr is 5.062665e-05, but the convergence criterion CONV_min*(1+p->Escale) is 2.164299e-07!
abserr is 2.755986e-07, but the convergence criterion CONV_min*(1+p->Escale) is 2.164299e-07!
abserr is 1.240162e-07, but the convergence criterion CONV_min*(1+p->Escale) is 2.164299e-07!
a-alpha = -1.603409e-12, fpa = -1.318872e-05
abserr is 1.492731e-05, but the convergence criterion CONV_min*(1+p->Escale) is 2.164299e-07!
abserr is 1.240162e-07, but the convergence criterion CONV_min*(1+p->Escale) is 2.164299e-07!
a-alpha = -1.294800e-13, fpa = -1.330343e-04
abserr is 3.634666e-05, but the convergence criterion CONV_min*(1+p->Escale) is 2.164299e-07!
abserr is 3.968646e-07, but the convergence criterion CONV_min*(1+p->Escale) is 2.164299e-07!
a-alpha = -1.266011e-12, fpa = -5.442379e-05
abserr is 3.634677e-05, but the convergence criterion CONV_min*(1+p->Escale) is 2.164299e-07!
abserr is 1.543327e-07, but the convergence criterion CONV_min*(1+p->Escale) is 2.164299e-07!
abserr is 3.634675e-05, but the convergence criterion CONV_min*(1+p->Escale) is 2.164299e-07!
abserr is 1.846491e-07, but the convergence criterion CONV_min*(1+p->Escale) is 2.164299e-07!
a-alpha = -4.236846e-14, fpa = -7.086957e-04
abserr is 4.348651e-05, but the convergence criterion CONV_min*(1+p->Escale) is 2.164299e-07!
abserr is 3.634686e-05, but the convergence criterion CONV_min*(1+p->Escale) is 2.164299e-07!
