Restoring modules from user's standard_modules
parameter values for minimization:
K33 = 3.000000e+01
k24 = 1.000000e+00
Lambda = 1.000000e+00
d0 = 1.000000e+00
omega = 2.000000e+00
gamma_s = 2.000000e-02
initial guesses for R, eta, and delta:
guess for R = 1.000000e-03
guess for eta = 6.300000e+00
guess for delta = 8.100000e-01
estimated ranges of R, eta, and delta:
upper bound estimate of R = 5.000000e-01
lower bound estimate of R = 1.000000e-02
upper bound estimate of eta = 6.350000e+00
lower bound estimate of eta = 6.290000e+00
upper bound estimate of delta = 8.160000e-01
lower bound estimate of delta = 8.000000e-01
abserr is 5.285478e-05, but the convergence criterion CONV_min*(1+p->Escale) is 1.000000e-08!
abserr is 3.059355e-07, but the convergence criterion CONV_min*(1+p->Escale) is 1.000000e-08!
abserr is 9.371972e-08, but the convergence criterion CONV_min*(1+p->Escale) is 1.000000e-08!
    iteration	            R	          eta	        delta	            E	         dEdR	       dEdeta	     dEddelta	    grad norm
abserr is 2.906507e-05, but the convergence criterion CONV_min*(1+p->Escale) is 2.180480e-07!
abserr is 4.468010e-07, but the convergence criterion CONV_min*(1+p->Escale) is 2.180480e-07!
abserr is 7.770817e-06, but the convergence criterion CONV_min*(1+p->Escale) is 2.181011e-07!
abserr is 7.896786e-05, but the convergence criterion CONV_min*(1+p->Escale) is 2.181011e-07!
abserr is 1.543549e-07, but the convergence criterion CONV_min*(1+p->Escale) is 2.181011e-07!
abserr is 2.201118e-05, but the convergence criterion CONV_min*(1+p->Escale) is 2.181011e-07!
abserr is 1.770095e-07, but the convergence criterion CONV_min*(1+p->Escale) is 2.181011e-07!
abserr is 5.761164e-05, but the convergence criterion CONV_min*(1+p->Escale) is 2.181012e-07!
abserr is 2.149879e-07, but the convergence criterion CONV_min*(1+p->Escale) is 2.181012e-07!
abserr is 1.543549e-07, but the convergence criterion CONV_min*(1+p->Escale) is 2.181012e-07!
abserr is 5.049139e-05, but the convergence criterion CONV_min*(1+p->Escale) is 2.181012e-07!
abserr is 1.924767e-07, but the convergence criterion CONV_min*(1+p->Escale) is 2.181012e-07!
a-alpha = -1.946901e-11, fpa = -3.378079e-06
abserr is 1.489117e-05, but the convergence criterion CONV_min*(1+p->Escale) is 2.181012e-07!
abserr is 4.272033e-07, but the convergence criterion CONV_min*(1+p->Escale) is 2.181012e-07!
abserr is 2.913121e-05, but the convergence criterion CONV_min*(1+p->Escale) is 2.181012e-07!
abserr is 1.543549e-07, but the convergence criterion CONV_min*(1+p->Escale) is 2.181012e-07!
abserr is 2.201125e-05, but the convergence criterion CONV_min*(1+p->Escale) is 2.181012e-07!
abserr is 3.059374e-07, but the convergence criterion CONV_min*(1+p->Escale) is 2.181012e-07!
abserr is 9.321142e-05, but the convergence criterion CONV_min*(1+p->Escale) is 2.181012e-07!
abserr is 5.049265e-05, but the convergence criterion CONV_min*(1+p->Escale) is 2.181012e-07!
abserr is 5.049220e-05, but the convergence criterion CONV_min*(1+p->Escale) is 2.181012e-07!
abserr is 1.240384e-07, but the convergence criterion CONV_min*(1+p->Escale) is 2.181012e-07!
abserr is 5.049177e-05, but the convergence criterion CONV_min*(1+p->Escale) is 2.181012e-07!
abserr is 3.362539e-07, but the convergence criterion CONV_min*(1+p->Escale) is 2.181012e-07!
abserr is 7.897065e-05, but the convergence criterion CONV_min*(1+p->Escale) is 2.181012e-07!
abserr is 3.665703e-07, but the convergence criterion CONV_min*(1+p->Escale) is 2.181012e-07!
abserr is 2.149879e-07, but the convergence criterion CONV_min*(1+p->Escale) is 2.181012e-07!
abserr is 9.321067e-05, but the convergence criterion CONV_min*(1+p->Escale) is 2.181012e-07!
abserr is 1.489118e-05, but the convergence criterion CONV_min*(1+p->Escale) is 2.181012e-07!
abserr is 1.240384e-07, but the convergence criterion CONV_min*(1+p->Escale) is 2.181012e-07!
abserr is 1.489147e-05, but the convergence criterion CONV_min*(1+p->Escale) is 2.181012e-07!
abserr is 2.149879e-07, but the convergence criterion CONV_min*(1+p->Escale) is 2.181012e-07!
abserr is 3.059374e-07, but the convergence criterion CONV_min*(1+p->Escale) is 2.181012e-07!
abserr is 7.185204e-05, but the convergence criterion CONV_min*(1+p->Escale) is 2.181012e-07!
abserr is 1.543549e-07, but the convergence criterion CONV_min*(1+p->Escale) is 2.181012e-07!
abserr is 7.897231e-05, but the convergence criterion CONV_min*(1+p->Escale) is 2.181012e-07!
a-alpha = 1.352693e-09, fpa = 1.448310e-07
abserr is 6.473228e-05, but the convergence criterion CONV_min*(1+p->Escale) is 2.181012e-07!
abserr is 1.240384e-07, but the convergence criterion CONV_min*(1+p->Escale) is 2.181012e-07!
abserr is 1.846714e-07, but the convergence criterion CONV_min*(1+p->Escale) is 2.181012e-07!
abserr is 3.625103e-05, but the convergence criterion CONV_min*(1+p->Escale) is 2.181012e-07!
abserr is 4.272033e-07, but the convergence criterion CONV_min*(1+p->Escale) is 2.181012e-07!
a-alpha = 6.750948e-10, fpa = 8.795628e-08
abserr is 1.074513e-04, but the convergence criterion CONV_min*(1+p->Escale) is 2.181012e-07!
abserr is 2.913115e-05, but the convergence criterion CONV_min*(1+p->Escale) is 2.181012e-07!
abserr is 1.240384e-07, but the convergence criterion CONV_min*(1+p->Escale) is 2.181012e-07!
abserr is 2.201122e-05, but the convergence criterion CONV_min*(1+p->Escale) is 2.181012e-07!
abserr is 2.057919e-07, but the convergence criterion CONV_min*(1+p->Escale) is 2.181012e-07!
abserr is 5.761146e-05, but the convergence criterion CONV_min*(1+p->Escale) is 2.181012e-07!
abserr is 4.272033e-07, but the convergence criterion CONV_min*(1+p->Escale) is 2.181012e-07!
a-alpha = -1.706682e-10, fpa = -3.273019e-07
abserr is 1.489127e-05, but the convergence criterion CONV_min*(1+p->Escale) is 2.181012e-07!
abserr is 3.362539e-07, but the convergence criterion CONV_min*(1+p->Escale) is 2.181012e-07!
abserr is 1.543549e-07, but the convergence criterion CONV_min*(1+p->Escale) is 2.181012e-07!
a-alpha = -2.585611e-10, fpa = -5.342674e-07
abserr is 4.337126e-05, but the convergence criterion CONV_min*(1+p->Escale) is 2.181012e-07!
abserr is 1.924767e-07, but the convergence criterion CONV_min*(1+p->Escale) is 2.181012e-07!
abserr is 2.149879e-07, but the convergence criterion CONV_min*(1+p->Escale) is 2.181012e-07!
a-alpha = -5.268319e-12, fpa = -3.596556e-06
abserr is 7.771226e-06, but the convergence criterion CONV_min*(1+p->Escale) is 2.181012e-07!
abserr is 2.149879e-07, but the convergence criterion CONV_min*(1+p->Escale) is 2.181012e-07!
a-alpha = -1.816006e-11, fpa = -3.711957e-06
abserr is 2.201115e-05, but the convergence criterion CONV_min*(1+p->Escale) is 2.181012e-07!
abserr is 4.878363e-07, but the convergence criterion CONV_min*(1+p->Escale) is 2.181012e-07!
a-alpha = -5.983667e-12, fpa = -1.387392e-05
abserr is 2.201125e-05, but the convergence criterion CONV_min*(1+p->Escale) is 2.181012e-07!
abserr is 2.282064e-07, but the convergence criterion CONV_min*(1+p->Escale) is 2.181012e-07!
abserr is 2.756209e-07, but the convergence criterion CONV_min*(1+p->Escale) is 2.181012e-07!
abserr is 4.337121e-05, but the convergence criterion CONV_min*(1+p->Escale) is 2.181012e-07!
abserr is 3.968868e-07, but the convergence criterion CONV_min*(1+p->Escale) is 2.181012e-07!
abserr is 1.240384e-07, but the convergence criterion CONV_min*(1+p->Escale) is 2.181012e-07!
a-alpha = -8.365088e-14, fpa = -2.513188e-04
abserr is 5.049114e-05, but the convergence criterion CONV_min*(1+p->Escale) is 2.181012e-07!
abserr is 5.181528e-07, but the convergence criterion CONV_min*(1+p->Escale) is 2.181012e-07!
abserr is 1.850663e-07, but the convergence criterion CONV_min*(1+p->Escale) is 2.181012e-07!
abserr is 3.623134e-05, but the convergence criterion CONV_min*(1+p->Escale) is 2.181012e-07!
abserr is 1.543549e-07, but the convergence criterion CONV_min*(1+p->Escale) is 2.181012e-07!
abserr is 1.145081e-04, but the convergence criterion CONV_min*(1+p->Escale) is 2.181012e-07!
abserr is 1.543549e-07, but the convergence criterion CONV_min*(1+p->Escale) is 2.181012e-07!
abserr is 5.758038e-05, but the convergence criterion CONV_min*(1+p->Escale) is 2.181012e-07!
abserr is 1.543549e-07, but the convergence criterion CONV_min*(1+p->Escale) is 2.181012e-07!
abserr is 5.047176e-05, but the convergence criterion CONV_min*(1+p->Escale) is 2.181012e-07!
abserr is 3.665703e-07, but the convergence criterion CONV_min*(1+p->Escale) is 2.181012e-07!
abserr is 5.048824e-05, but the convergence criterion CONV_min*(1+p->Escale) is 2.181012e-07!
abserr is 2.453044e-07, but the convergence criterion CONV_min*(1+p->Escale) is 2.181012e-07!
abserr is 1.846714e-07, but the convergence criterion CONV_min*(1+p->Escale) is 2.181012e-07!
abserr is 2.200967e-05, but the convergence criterion CONV_min*(1+p->Escale) is 2.181012e-07!
abserr is 4.575198e-07, but the convergence criterion CONV_min*(1+p->Escale) is 2.181012e-07!
abserr is 1.846714e-07, but the convergence criterion CONV_min*(1+p->Escale) is 2.181012e-07!
abserr is 2.201097e-05, but the convergence criterion CONV_min*(1+p->Escale) is 2.181012e-07!
abserr is 2.756209e-07, but the convergence criterion CONV_min*(1+p->Escale) is 2.181012e-07!
abserr is 2.453044e-07, but the convergence criterion CONV_min*(1+p->Escale) is 2.181012e-07!
abserr is 6.511242e-07, but the convergence criterion CONV_min*(1+p->Escale) is 2.181012e-07!
abserr is 3.968869e-07, but the convergence criterion CONV_min*(1+p->Escale) is 2.181012e-07!
abserr is 6.511296e-07, but the convergence criterion CONV_min*(1+p->Escale) is 2.181012e-07!
abserr is 2.756209e-07, but the convergence criterion CONV_min*(1+p->Escale) is 2.181012e-07!
abserr is 3.625137e-05, but the convergence criterion CONV_min*(1+p->Escale) is 2.181012e-07!
abserr is 2.201147e-05, but the convergence criterion CONV_min*(1+p->Escale) is 2.181012e-07!
abserr is 1.240384e-07, but the convergence criterion CONV_min*(1+p->Escale) is 2.181012e-07!
abserr is 7.183674e-05, but the convergence criterion CONV_min*(1+p->Escale) is 2.181012e-07!
abserr is 1.993563e-07, but the convergence criterion CONV_min*(1+p->Escale) is 2.181012e-07!
abserr is 1.770095e-07, but the convergence criterion CONV_min*(1+p->Escale) is 2.181012e-07!
abserr is 1.488758e-05, but the convergence criterion CONV_min*(1+p->Escale) is 2.181012e-07!
abserr is 1.359309e-04, but the convergence criterion CONV_min*(1+p->Escale) is 2.181012e-07!
abserr is 2.756209e-07, but the convergence criterion CONV_min*(1+p->Escale) is 2.181012e-07!
abserr is 2.913114e-05, but the convergence criterion CONV_min*(1+p->Escale) is 2.181012e-07!
abserr is 3.059374e-07, but the convergence criterion CONV_min*(1+p->Escale) is 2.181012e-07!
abserr is 1.543549e-07, but the convergence criterion CONV_min*(1+p->Escale) is 2.181012e-07!
abserr is 1.489105e-05, but the convergence criterion CONV_min*(1+p->Escale) is 2.181012e-07!
abserr is 1.770093e-07, but the convergence criterion CONV_min*(1+p->Escale) is 2.181012e-07!
abserr is 1.846714e-07, but the convergence criterion CONV_min*(1+p->Escale) is 2.181012e-07!
a-alpha = -9.537182e-11, fpa = -1.822593e-07
abserr is 5.049098e-05, but the convergence criterion CONV_min*(1+p->Escale) is 2.181012e-07!
abserr is 1.543549e-07, but the convergence criterion CONV_min*(1+p->Escale) is 2.181012e-07!
abserr is 7.771235e-06, but the convergence criterion CONV_min*(1+p->Escale) is 2.181012e-07!
a-alpha = -2.376698e-10, fpa = -1.275899e-07
abserr is 7.771195e-06, but the convergence criterion CONV_min*(1+p->Escale) is 2.181012e-07!
abserr is 1.846714e-07, but the convergence criterion CONV_min*(1+p->Escale) is 2.181012e-07!
abserr is 1.543549e-07, but the convergence criterion CONV_min*(1+p->Escale) is 2.181012e-07!
abserr is 3.625095e-05, but the convergence criterion CONV_min*(1+p->Escale) is 2.181012e-07!
abserr is 2.913126e-05, but the convergence criterion CONV_min*(1+p->Escale) is 2.181012e-07!
abserr is 1.240384e-07, but the convergence criterion CONV_min*(1+p->Escale) is 2.181012e-07!
abserr is 7.771152e-06, but the convergence criterion CONV_min*(1+p->Escale) is 2.181012e-07!
abserr is 4.272033e-07, but the convergence criterion CONV_min*(1+p->Escale) is 2.181012e-07!
abserr is 7.185252e-05, but the convergence criterion CONV_min*(1+p->Escale) is 2.181012e-07!
abserr is 1.543549e-07, but the convergence criterion CONV_min*(1+p->Escale) is 2.181012e-07!
abserr is 1.846714e-07, but the convergence criterion CONV_min*(1+p->Escale) is 2.181012e-07!
abserr is 3.625154e-05, but the convergence criterion CONV_min*(1+p->Escale) is 2.181012e-07!
abserr is 2.453044e-07, but the convergence criterion CONV_min*(1+p->Escale) is 2.181012e-07!
a-alpha = 4.765873e-10, fpa = 2.192824e-07
abserr is 7.771241e-06, but the convergence criterion CONV_min*(1+p->Escale) is 2.181012e-07!
abserr is 1.543549e-07, but the convergence criterion CONV_min*(1+p->Escale) is 2.181012e-07!
abserr is 5.761083e-05, but the convergence criterion CONV_min*(1+p->Escale) is 2.181012e-07!
abserr is 2.913095e-05, but the convergence criterion CONV_min*(1+p->Escale) is 2.181012e-07!
abserr is 2.057916e-07, but the convergence criterion CONV_min*(1+p->Escale) is 2.181012e-07!
abserr is 1.543549e-07, but the convergence criterion CONV_min*(1+p->Escale) is 2.181012e-07!
abserr is 5.049110e-05, but the convergence criterion CONV_min*(1+p->Escale) is 2.181012e-07!
abserr is 2.756209e-07, but the convergence criterion CONV_min*(1+p->Escale) is 2.181012e-07!
abserr is 1.240384e-07, but the convergence criterion CONV_min*(1+p->Escale) is 2.181012e-07!
a-alpha = -1.116648e-10, fpa = -7.944066e-09
abserr is 5.049067e-05, but the convergence criterion CONV_min*(1+p->Escale) is 2.181012e-07!
abserr is 1.240384e-07, but the convergence criterion CONV_min*(1+p->Escale) is 2.181012e-07!
abserr is 6.473081e-05, but the convergence criterion CONV_min*(1+p->Escale) is 2.181012e-07!
abserr is 3.665704e-07, but the convergence criterion CONV_min*(1+p->Escale) is 2.181012e-07!
abserr is 7.771135e-06, but the convergence criterion CONV_min*(1+p->Escale) is 2.181012e-07!
abserr is 2.149879e-07, but the convergence criterion CONV_min*(1+p->Escale) is 2.181012e-07!
abserr is 1.003313e-04, but the convergence criterion CONV_min*(1+p->Escale) is 2.181012e-07!
abserr is 1.543549e-07, but the convergence criterion CONV_min*(1+p->Escale) is 2.181012e-07!
abserr is 4.337128e-05, but the convergence criterion CONV_min*(1+p->Escale) is 2.181012e-07!
abserr is 1.240384e-07, but the convergence criterion CONV_min*(1+p->Escale) is 2.181012e-07!
a-alpha = 2.257321e-10, fpa = 3.767012e-09
abserr is 9.321134e-05, but the convergence criterion CONV_min*(1+p->Escale) is 2.181012e-07!
a-alpha = -6.475945e-11, fpa = -3.747278e-07
abserr is 7.185150e-05, but the convergence criterion CONV_min*(1+p->Escale) is 2.181012e-07!
abserr is 4.272033e-07, but the convergence criterion CONV_min*(1+p->Escale) is 2.181012e-07!
abserr is 1.240384e-07, but the convergence criterion CONV_min*(1+p->Escale) is 2.181012e-07!
abserr is 1.003312e-04, but the convergence criterion CONV_min*(1+p->Escale) is 2.181012e-07!
abserr is 1.240384e-07, but the convergence criterion CONV_min*(1+p->Escale) is 2.181012e-07!
a-alpha = -2.021586e-10, fpa = -2.178385e-07
abserr is 1.359309e-04, but the convergence criterion CONV_min*(1+p->Escale) is 2.181012e-07!
abserr is 3.625107e-05, but the convergence criterion CONV_min*(1+p->Escale) is 2.181012e-07!
abserr is 2.453044e-07, but the convergence criterion CONV_min*(1+p->Escale) is 2.181012e-07!
a-alpha = -4.445355e-11, fpa = -2.401695e-06
abserr is 5.761081e-05, but the convergence criterion CONV_min*(1+p->Escale) is 2.181012e-07!
abserr is 2.453044e-07, but the convergence criterion CONV_min*(1+p->Escale) is 2.181012e-07!
abserr is 1.850663e-07, but the convergence criterion CONV_min*(1+p->Escale) is 2.181012e-07!
abserr is 1.644127e-04, but the convergence criterion CONV_min*(1+p->Escale) is 2.181012e-07!
abserr is 3.362539e-07, but the convergence criterion CONV_min*(1+p->Escale) is 2.181012e-07!
abserr is 1.993566e-07, but the convergence criterion CONV_min*(1+p->Escale) is 2.181012e-07!
a-alpha = 3.418200e-11, fpa = 1.284036e-06
abserr is 7.771157e-06, but the convergence criterion CONV_min*(1+p->Escale) is 2.181012e-07!
abserr is 5.787858e-07, but the convergence criterion CONV_min*(1+p->Escale) is 2.181012e-07!
abserr is 7.185098e-05, but the convergence criterion CONV_min*(1+p->Escale) is 2.181012e-07!
abserr is 5.761080e-05, but the convergence criterion CONV_min*(1+p->Escale) is 2.181012e-07!
abserr is 2.453044e-07, but the convergence criterion CONV_min*(1+p->Escale) is 2.181012e-07!
abserr is 2.756209e-07, but the convergence criterion CONV_min*(1+p->Escale) is 2.181012e-07!
a-alpha = 1.181386e-09, fpa = 1.762676e-07
abserr is 7.771206e-06, but the convergence criterion CONV_min*(1+p->Escale) is 2.181012e-07!
abserr is 3.059374e-07, but the convergence criterion CONV_min*(1+p->Escale) is 2.181012e-07!
abserr is 3.625066e-05, but the convergence criterion CONV_min*(1+p->Escale) is 2.181012e-07!
abserr is 1.240384e-07, but the convergence criterion CONV_min*(1+p->Escale) is 2.181012e-07!
abserr is 6.473105e-05, but the convergence criterion CONV_min*(1+p->Escale) is 2.181012e-07!
abserr is 3.362539e-07, but the convergence criterion CONV_min*(1+p->Escale) is 2.181012e-07!
abserr is 3.625099e-05, but the convergence criterion CONV_min*(1+p->Escale) is 2.181012e-07!
abserr is 2.756209e-07, but the convergence criterion CONV_min*(1+p->Escale) is 2.181012e-07!
abserr is 1.543549e-07, but the convergence criterion CONV_min*(1+p->Escale) is 2.181012e-07!
abserr is 1.572902e-04, but the convergence criterion CONV_min*(1+p->Escale) is 2.181012e-07!
abserr is 5.049081e-05, but the convergence criterion CONV_min*(1+p->Escale) is 2.181012e-07!
abserr is 1.543549e-07, but the convergence criterion CONV_min*(1+p->Escale) is 2.181012e-07!
abserr is 1.074492e-04, but the convergence criterion CONV_min*(1+p->Escale) is 2.181012e-07!
abserr is 1.489115e-05, but the convergence criterion CONV_min*(1+p->Escale) is 2.181012e-07!
abserr is 4.337120e-05, but the convergence criterion CONV_min*(1+p->Escale) is 2.181012e-07!
abserr is 1.846714e-07, but the convergence criterion CONV_min*(1+p->Escale) is 2.181012e-07!
a-alpha = -2.277511e-09, fpa = -6.193807e-08
abserr is 7.771125e-06, but the convergence criterion CONV_min*(1+p->Escale) is 2.181012e-07!
abserr is 1.846714e-07, but the convergence criterion CONV_min*(1+p->Escale) is 2.181012e-07!
abserr is 5.049078e-05, but the convergence criterion CONV_min*(1+p->Escale) is 2.181012e-07!
abserr is 4.337216e-05, but the convergence criterion CONV_min*(1+p->Escale) is 2.181012e-07!
abserr is 1.543549e-07, but the convergence criterion CONV_min*(1+p->Escale) is 2.181012e-07!
abserr is 7.771154e-06, but the convergence criterion CONV_min*(1+p->Escale) is 2.181012e-07!
abserr is 1.074513e-04, but the convergence criterion CONV_min*(1+p->Escale) is 2.181012e-07!
abserr is 1.003315e-04, but the convergence criterion CONV_min*(1+p->Escale) is 2.181012e-07!
a-alpha = -7.251303e-10, fpa = -7.477538e-08
abserr is 2.201133e-05, but the convergence criterion CONV_min*(1+p->Escale) is 2.181012e-07!
abserr is 1.240384e-07, but the convergence criterion CONV_min*(1+p->Escale) is 2.181012e-07!
abserr is 3.625142e-05, but the convergence criterion CONV_min*(1+p->Escale) is 2.181012e-07!
abserr is 3.059374e-07, but the convergence criterion CONV_min*(1+p->Escale) is 2.181012e-07!
abserr is 7.897186e-05, but the convergence criterion CONV_min*(1+p->Escale) is 2.181012e-07!
abserr is 1.846714e-07, but the convergence criterion CONV_min*(1+p->Escale) is 2.181012e-07!
abserr is 4.337163e-05, but the convergence criterion CONV_min*(1+p->Escale) is 2.181012e-07!
abserr is 1.240384e-07, but the convergence criterion CONV_min*(1+p->Escale) is 2.181012e-07!
abserr is 1.240384e-07, but the convergence criterion CONV_min*(1+p->Escale) is 2.181012e-07!
a-alpha = -2.530736e-09, fpa = -5.123578e-08
abserr is 1.489122e-05, but the convergence criterion CONV_min*(1+p->Escale) is 2.181012e-07!
abserr is 1.543549e-07, but the convergence criterion CONV_min*(1+p->Escale) is 2.181012e-07!
abserr is 2.149879e-07, but the convergence criterion CONV_min*(1+p->Escale) is 2.181012e-07!
a-alpha = -6.716775e-10, fpa = -2.518453e-07
abserr is 1.489132e-05, but the convergence criterion CONV_min*(1+p->Escale) is 2.181012e-07!
abserr is 2.057918e-07, but the convergence criterion CONV_min*(1+p->Escale) is 2.181012e-07!
a-alpha = -1.299001e-11, fpa = -3.409093e-06
abserr is 3.625149e-05, but the convergence criterion CONV_min*(1+p->Escale) is 2.181012e-07!
abserr is 1.850660e-07, but the convergence criterion CONV_min*(1+p->Escale) is 2.181012e-07!
abserr is 1.145709e-04, but the convergence criterion CONV_min*(1+p->Escale) is 2.181012e-07!
abserr is 2.149879e-07, but the convergence criterion CONV_min*(1+p->Escale) is 2.181012e-07!
abserr is 2.201092e-05, but the convergence criterion CONV_min*(1+p->Escale) is 2.181012e-07!
abserr is 4.272033e-07, but the convergence criterion CONV_min*(1+p->Escale) is 2.181012e-07!
abserr is 1.501698e-04, but the convergence criterion CONV_min*(1+p->Escale) is 2.181012e-07!
abserr is 2.453044e-07, but the convergence criterion CONV_min*(1+p->Escale) is 2.181012e-07!
abserr is 2.175764e-07, but the convergence criterion CONV_min*(1+p->Escale) is 2.181012e-07!
abserr is 1.003311e-04, but the convergence criterion CONV_min*(1+p->Escale) is 2.181012e-07!
abserr is 2.756209e-07, but the convergence criterion CONV_min*(1+p->Escale) is 2.181012e-07!
abserr is 1.489103e-05, but the convergence criterion CONV_min*(1+p->Escale) is 2.181012e-07!
abserr is 1.846714e-07, but the convergence criterion CONV_min*(1+p->Escale) is 2.181012e-07!
abserr is 3.968868e-07, but the convergence criterion CONV_min*(1+p->Escale) is 2.181012e-07!
abserr is 9.321045e-05, but the convergence criterion CONV_min*(1+p->Escale) is 2.181012e-07!
abserr is 4.272033e-07, but the convergence criterion CONV_min*(1+p->Escale) is 2.181012e-07!
abserr is 2.200969e-05, but the convergence criterion CONV_min*(1+p->Escale) is 2.181012e-07!
abserr is 1.543549e-07, but the convergence criterion CONV_min*(1+p->Escale) is 2.181012e-07!
abserr is 6.468991e-05, but the convergence criterion CONV_min*(1+p->Escale) is 2.181012e-07!
abserr is 1.240384e-07, but the convergence criterion CONV_min*(1+p->Escale) is 2.181012e-07!
abserr is 2.149879e-07, but the convergence criterion CONV_min*(1+p->Escale) is 2.181012e-07!
abserr is 5.751083e-05, but the convergence criterion CONV_min*(1+p->Escale) is 2.181012e-07!
abserr is 1.543549e-07, but the convergence criterion CONV_min*(1+p->Escale) is 2.181012e-07!
abserr is 1.854558e-04, but the convergence criterion CONV_min*(1+p->Escale) is 2.181012e-07!
abserr is 1.846714e-07, but the convergence criterion CONV_min*(1+p->Escale) is 2.181012e-07!
abserr is 1.240384e-07, but the convergence criterion CONV_min*(1+p->Escale) is 2.181012e-07!
abserr is 1.488699e-05, but the convergence criterion CONV_min*(1+p->Escale) is 2.181012e-07!
abserr is 1.681435e-07, but the convergence criterion CONV_min*(1+p->Escale) is 2.181012e-07!
abserr is 1.846714e-07, but the convergence criterion CONV_min*(1+p->Escale) is 2.181012e-07!
abserr is 1.489109e-05, but the convergence criterion CONV_min*(1+p->Escale) is 2.181012e-07!
abserr is 5.048989e-05, but the convergence criterion CONV_min*(1+p->Escale) is 2.181013e-07!
abserr is 2.230176e-07, but the convergence criterion CONV_min*(1+p->Escale) is 2.181013e-07!
abserr is 2.201092e-05, but the convergence criterion CONV_min*(1+p->Escale) is 2.181013e-07!
abserr is 1.770092e-07, but the convergence criterion CONV_min*(1+p->Escale) is 2.181013e-07!
abserr is 1.240384e-07, but the convergence criterion CONV_min*(1+p->Escale) is 2.181013e-07!
a-alpha = 8.474443e-10, fpa = 6.043571e-08
abserr is 2.201091e-05, but the convergence criterion CONV_min*(1+p->Escale) is 2.181013e-07!
abserr is 2.201104e-05, but the convergence criterion CONV_min*(1+p->Escale) is 2.181013e-07!
abserr is 4.272033e-07, but the convergence criterion CONV_min*(1+p->Escale) is 2.181013e-07!
abserr is 7.185130e-05, but the convergence criterion CONV_min*(1+p->Escale) is 2.181013e-07!
abserr is 2.453044e-07, but the convergence criterion CONV_min*(1+p->Escale) is 2.181013e-07!
abserr is 1.240384e-07, but the convergence criterion CONV_min*(1+p->Escale) is 2.181013e-07!
a-alpha = 8.889660e-10, fpa = 1.802120e-07
abserr is 7.185126e-05, but the convergence criterion CONV_min*(1+p->Escale) is 2.181013e-07!
abserr is 3.625122e-05, but the convergence criterion CONV_min*(1+p->Escale) is 2.181013e-07!
abserr is 1.846714e-07, but the convergence criterion CONV_min*(1+p->Escale) is 2.181013e-07!
abserr is 2.201124e-05, but the convergence criterion CONV_min*(1+p->Escale) is 2.181013e-07!
a-alpha = 2.571918e-09, fpa = 5.258572e-08
abserr is 1.145717e-04, but the convergence criterion CONV_min*(1+p->Escale) is 2.181013e-07!
abserr is 3.059374e-07, but the convergence criterion CONV_min*(1+p->Escale) is 2.181013e-07!
abserr is 1.543549e-07, but the convergence criterion CONV_min*(1+p->Escale) is 2.181013e-07!
abserr is 7.185119e-05, but the convergence criterion CONV_min*(1+p->Escale) is 2.181013e-07!
abserr is 1.240384e-07, but the convergence criterion CONV_min*(1+p->Escale) is 2.181013e-07!
abserr is 1.216916e-04, but the convergence criterion CONV_min*(1+p->Escale) is 2.181013e-07!
abserr is 2.913090e-05, but the convergence criterion CONV_min*(1+p->Escale) is 2.181013e-07!
abserr is 3.059374e-07, but the convergence criterion CONV_min*(1+p->Escale) is 2.181013e-07!
a-alpha = 4.420249e-11, fpa = 1.569932e-06
abserr is 5.049118e-05, but the convergence criterion CONV_min*(1+p->Escale) is 2.181013e-07!
abserr is 1.770095e-07, but the convergence criterion CONV_min*(1+p->Escale) is 2.181013e-07!
abserr is 6.473145e-05, but the convergence criterion CONV_min*(1+p->Escale) is 2.181013e-07!
abserr is 7.771105e-06, but the convergence criterion CONV_min*(1+p->Escale) is 2.181013e-07!
abserr is 1.240384e-07, but the convergence criterion CONV_min*(1+p->Escale) is 2.181013e-07!
abserr is 1.240384e-07, but the convergence criterion CONV_min*(1+p->Escale) is 2.181013e-07!
abserr is 1.288120e-04, but the convergence criterion CONV_min*(1+p->Escale) is 2.181013e-07!
abserr is 3.665704e-07, but the convergence criterion CONV_min*(1+p->Escale) is 2.181013e-07!
abserr is 1.240384e-07, but the convergence criterion CONV_min*(1+p->Escale) is 2.181013e-07!
abserr is 2.913102e-05, but the convergence criterion CONV_min*(1+p->Escale) is 2.181013e-07!
abserr is 1.846714e-07, but the convergence criterion CONV_min*(1+p->Escale) is 2.181013e-07!
abserr is 2.913173e-05, but the convergence criterion CONV_min*(1+p->Escale) is 2.181013e-07!
abserr is 1.240384e-07, but the convergence criterion CONV_min*(1+p->Escale) is 2.181013e-07!
abserr is 2.149879e-07, but the convergence criterion CONV_min*(1+p->Escale) is 2.181013e-07!
abserr is 1.488848e-05, but the convergence criterion CONV_min*(1+p->Escale) is 2.181013e-07!
abserr is 6.466109e-05, but the convergence criterion CONV_min*(1+p->Escale) is 2.181013e-07!
abserr is 1.240385e-07, but the convergence criterion CONV_min*(1+p->Escale) is 2.181013e-07!
abserr is 1.543549e-07, but the convergence criterion CONV_min*(1+p->Escale) is 2.181013e-07!
abserr is 1.359295e-04, but the convergence criterion CONV_min*(1+p->Escale) is 2.181013e-07!
abserr is 3.625175e-05, but the convergence criterion CONV_min*(1+p->Escale) is 2.181013e-07!
abserr is 3.059374e-07, but the convergence criterion CONV_min*(1+p->Escale) is 2.181013e-07!
abserr is 1.240384e-07, but the convergence criterion CONV_min*(1+p->Escale) is 2.181013e-07!
abserr is 2.201119e-05, but the convergence criterion CONV_min*(1+p->Escale) is 2.181013e-07!
abserr is 4.337118e-05, but the convergence criterion CONV_min*(1+p->Escale) is 2.181013e-07!
abserr is 2.453044e-07, but the convergence criterion CONV_min*(1+p->Escale) is 2.181013e-07!
abserr is 6.511351e-07, but the convergence criterion CONV_min*(1+p->Escale) is 2.181013e-07!
abserr is 4.272034e-07, but the convergence criterion CONV_min*(1+p->Escale) is 2.181013e-07!
abserr is 2.201104e-05, but the convergence criterion CONV_min*(1+p->Escale) is 2.181013e-07!
abserr is 2.453044e-07, but the convergence criterion CONV_min*(1+p->Escale) is 2.181013e-07!
abserr is 1.846714e-07, but the convergence criterion CONV_min*(1+p->Escale) is 2.181013e-07!
a-alpha = 4.527892e-11, fpa = 2.697344e-07
abserr is 7.897104e-05, but the convergence criterion CONV_min*(1+p->Escale) is 2.181013e-07!
abserr is 3.625075e-05, but the convergence criterion CONV_min*(1+p->Escale) is 2.181013e-07!
abserr is 1.543549e-07, but the convergence criterion CONV_min*(1+p->Escale) is 2.181013e-07!
abserr is 2.057918e-07, but the convergence criterion CONV_min*(1+p->Escale) is 2.181013e-07!
abserr is 1.489108e-05, but the convergence criterion CONV_min*(1+p->Escale) is 2.181013e-07!
abserr is 2.453044e-07, but the convergence criterion CONV_min*(1+p->Escale) is 2.181013e-07!
abserr is 6.473071e-05, but the convergence criterion CONV_min*(1+p->Escale) is 2.181013e-07!
abserr is 2.756209e-07, but the convergence criterion CONV_min*(1+p->Escale) is 2.181013e-07!
a-alpha = 6.652128e-10, fpa = 4.721114e-08
abserr is 7.771111e-06, but the convergence criterion CONV_min*(1+p->Escale) is 2.181013e-07!
abserr is 2.149879e-07, but the convergence criterion CONV_min*(1+p->Escale) is 2.181013e-07!
abserr is 1.003311e-04, but the convergence criterion CONV_min*(1+p->Escale) is 2.181013e-07!
abserr is 1.846714e-07, but the convergence criterion CONV_min*(1+p->Escale) is 2.181013e-07!
abserr is 1.543549e-07, but the convergence criterion CONV_min*(1+p->Escale) is 2.181013e-07!
abserr is 6.473123e-05, but the convergence criterion CONV_min*(1+p->Escale) is 2.181013e-07!
abserr is 2.453044e-07, but the convergence criterion CONV_min*(1+p->Escale) is 2.181013e-07!
abserr is 3.059374e-07, but the convergence criterion CONV_min*(1+p->Escale) is 2.181013e-07!
a-alpha = -2.358144e-10, fpa = -6.522932e-08
abserr is 1.489122e-05, but the convergence criterion CONV_min*(1+p->Escale) is 2.181013e-07!
abserr is 1.240384e-07, but the convergence criterion CONV_min*(1+p->Escale) is 2.181013e-07!
abserr is 7.771114e-06, but the convergence criterion CONV_min*(1+p->Escale) is 2.181013e-07!
abserr is 2.756209e-07, but the convergence criterion CONV_min*(1+p->Escale) is 2.181013e-07!
abserr is 3.625104e-05, but the convergence criterion CONV_min*(1+p->Escale) is 2.181013e-07!
abserr is 1.543549e-07, but the convergence criterion CONV_min*(1+p->Escale) is 2.181013e-07!
abserr is 6.511464e-07, but the convergence criterion CONV_min*(1+p->Escale) is 2.181013e-07!
abserr is 2.149879e-07, but the convergence criterion CONV_min*(1+p->Escale) is 2.181013e-07!
abserr is 9.321260e-05, but the convergence criterion CONV_min*(1+p->Escale) is 2.181013e-07!
abserr is 3.665704e-07, but the convergence criterion CONV_min*(1+p->Escale) is 2.181013e-07!
abserr is 1.240384e-07, but the convergence criterion CONV_min*(1+p->Escale) is 2.181013e-07!
abserr is 1.489133e-05, but the convergence criterion CONV_min*(1+p->Escale) is 2.181013e-07!
abserr is 4.272034e-07, but the convergence criterion CONV_min*(1+p->Escale) is 2.181013e-07!
abserr is 1.240384e-07, but the convergence criterion CONV_min*(1+p->Escale) is 2.181013e-07!
abserr is 7.771273e-06, but the convergence criterion CONV_min*(1+p->Escale) is 2.181013e-07!
abserr is 3.059374e-07, but the convergence criterion CONV_min*(1+p->Escale) is 2.181013e-07!
abserr is 3.625150e-05, but the convergence criterion CONV_min*(1+p->Escale) is 2.181013e-07!
abserr is 1.846714e-07, but the convergence criterion CONV_min*(1+p->Escale) is 2.181013e-07!
abserr is 5.049216e-05, but the convergence criterion CONV_min*(1+p->Escale) is 2.181013e-07!
abserr is 1.240385e-07, but the convergence criterion CONV_min*(1+p->Escale) is 2.181013e-07!
abserr is 2.149879e-07, but the convergence criterion CONV_min*(1+p->Escale) is 2.181013e-07!
a-alpha = 5.513383e-11, fpa = 2.456558e-07
abserr is 1.489136e-05, but the convergence criterion CONV_min*(1+p->Escale) is 2.181013e-07!
abserr is 2.201105e-05, but the convergence criterion CONV_min*(1+p->Escale) is 2.181013e-07!
abserr is 1.489108e-05, but the convergence criterion CONV_min*(1+p->Escale) is 2.181013e-07!
abserr is 7.771138e-06, but the convergence criterion CONV_min*(1+p->Escale) is 2.181013e-07!
abserr is 2.149879e-07, but the convergence criterion CONV_min*(1+p->Escale) is 2.181013e-07!
abserr is 1.543549e-07, but the convergence criterion CONV_min*(1+p->Escale) is 2.181013e-07!
a-alpha = -8.471404e-11, fpa = -1.447274e-07
abserr is 6.511277e-07, but the convergence criterion CONV_min*(1+p->Escale) is 2.181013e-07!
abserr is 3.968869e-07, but the convergence criterion CONV_min*(1+p->Escale) is 2.181013e-07!
abserr is 1.240384e-07, but the convergence criterion CONV_min*(1+p->Escale) is 2.181013e-07!
abserr is 1.288113e-04, but the convergence criterion CONV_min*(1+p->Escale) is 2.181013e-07!
abserr is 3.665704e-07, but the convergence criterion CONV_min*(1+p->Escale) is 2.181013e-07!
abserr is 1.846714e-07, but the convergence criterion CONV_min*(1+p->Escale) is 2.181013e-07!
abserr is 6.511335e-07, but the convergence criterion CONV_min*(1+p->Escale) is 2.181013e-07!
abserr is 8.609109e-05, but the convergence criterion CONV_min*(1+p->Escale) is 2.181013e-07!
abserr is 4.575198e-07, but the convergence criterion CONV_min*(1+p->Escale) is 2.181013e-07!
abserr is 6.511289e-07, but the convergence criterion CONV_min*(1+p->Escale) is 2.181013e-07!
abserr is 2.118475e-07, but the convergence criterion CONV_min*(1+p->Escale) is 2.181013e-07!
a-alpha = -3.860445e-10, fpa = -1.314716e-07
abserr is 2.201123e-05, but the convergence criterion CONV_min*(1+p->Escale) is 2.181013e-07!
abserr is 2.453044e-07, but the convergence criterion CONV_min*(1+p->Escale) is 2.181013e-07!
abserr is 1.489118e-05, but the convergence criterion CONV_min*(1+p->Escale) is 2.181013e-07!
abserr is 3.665704e-07, but the convergence criterion CONV_min*(1+p->Escale) is 2.181013e-07!
abserr is 1.543549e-07, but the convergence criterion CONV_min*(1+p->Escale) is 2.181013e-07!
abserr is 5.761068e-05, but the convergence criterion CONV_min*(1+p->Escale) is 2.181013e-07!
abserr is 2.756209e-07, but the convergence criterion CONV_min*(1+p->Escale) is 2.181013e-07!
a-alpha = -8.903066e-11, fpa = -3.837692e-07
abserr is 4.337086e-05, but the convergence criterion CONV_min*(1+p->Escale) is 2.181013e-07!
abserr is 7.771038e-06, but the convergence criterion CONV_min*(1+p->Escale) is 2.181013e-07!
abserr is 1.543549e-07, but the convergence criterion CONV_min*(1+p->Escale) is 2.181013e-07!
abserr is 2.201097e-05, but the convergence criterion CONV_min*(1+p->Escale) is 2.181013e-07!
abserr is 4.878363e-07, but the convergence criterion CONV_min*(1+p->Escale) is 2.181013e-07!
abserr is 1.240384e-07, but the convergence criterion CONV_min*(1+p->Escale) is 2.181013e-07!
abserr is 5.761082e-05, but the convergence criterion CONV_min*(1+p->Escale) is 2.181013e-07!
abserr is 1.681434e-07, but the convergence criterion CONV_min*(1+p->Escale) is 2.181013e-07!
abserr is 6.511367e-07, but the convergence criterion CONV_min*(1+p->Escale) is 2.181013e-07!
abserr is 2.913119e-05, but the convergence criterion CONV_min*(1+p->Escale) is 2.181013e-07!
abserr is 2.201128e-05, but the convergence criterion CONV_min*(1+p->Escale) is 2.181013e-07!
abserr is 3.362539e-07, but the convergence criterion CONV_min*(1+p->Escale) is 2.181013e-07!
abserr is 1.543549e-07, but the convergence criterion CONV_min*(1+p->Escale) is 2.181013e-07!
abserr is 7.771259e-06, but the convergence criterion CONV_min*(1+p->Escale) is 2.181013e-07!
abserr is 3.625145e-05, but the convergence criterion CONV_min*(1+p->Escale) is 2.181013e-07!
abserr is 1.846714e-07, but the convergence criterion CONV_min*(1+p->Escale) is 2.181013e-07!
abserr is 3.625155e-05, but the convergence criterion CONV_min*(1+p->Escale) is 2.181013e-07!
abserr is 2.118475e-07, but the convergence criterion CONV_min*(1+p->Escale) is 2.181013e-07!
abserr is 1.430542e-04, but the convergence criterion CONV_min*(1+p->Escale) is 2.181013e-07!
abserr is 2.057913e-07, but the convergence criterion CONV_min*(1+p->Escale) is 2.181013e-07!
abserr is 2.201150e-05, but the convergence criterion CONV_min*(1+p->Escale) is 2.181013e-07!
a-alpha = -4.394904e-10, fpa = -9.844283e-08
abserr is 4.337190e-05, but the convergence criterion CONV_min*(1+p->Escale) is 2.181013e-07!
abserr is 3.059374e-07, but the convergence criterion CONV_min*(1+p->Escale) is 2.181013e-07!
abserr is 4.337131e-05, but the convergence criterion CONV_min*(1+p->Escale) is 2.181013e-07!
a-alpha = -6.494393e-10, fpa = -2.651078e-07
abserr is 2.913115e-05, but the convergence criterion CONV_min*(1+p->Escale) is 2.181013e-07!
abserr is 1.543549e-07, but the convergence criterion CONV_min*(1+p->Escale) is 2.181013e-07!
abserr is 1.543549e-07, but the convergence criterion CONV_min*(1+p->Escale) is 2.181013e-07!
abserr is 5.761050e-05, but the convergence criterion CONV_min*(1+p->Escale) is 2.181013e-07!
abserr is 2.149879e-07, but the convergence criterion CONV_min*(1+p->Escale) is 2.181013e-07!
abserr is 1.489104e-05, but the convergence criterion CONV_min*(1+p->Escale) is 2.181013e-07!
abserr is 2.149879e-07, but the convergence criterion CONV_min*(1+p->Escale) is 2.181013e-07!
a-alpha = 8.044399e-10, fpa = 1.017516e-07
abserr is 3.625078e-05, but the convergence criterion CONV_min*(1+p->Escale) is 2.181013e-07!
abserr is 1.240385e-07, but the convergence criterion CONV_min*(1+p->Escale) is 2.181013e-07!
abserr is 5.761115e-05, but the convergence criterion CONV_min*(1+p->Escale) is 2.181013e-07!
abserr is 1.543549e-07, but the convergence criterion CONV_min*(1+p->Escale) is 2.181013e-07!
abserr is 6.473116e-05, but the convergence criterion CONV_min*(1+p->Escale) is 2.181013e-07!
a-alpha = -2.811524e-10, fpa = -1.077263e-07
abserr is 2.201113e-05, but the convergence criterion CONV_min*(1+p->Escale) is 2.181013e-07!
abserr is 2.453044e-07, but the convergence criterion CONV_min*(1+p->Escale) is 2.181013e-07!
abserr is 3.625122e-05, but the convergence criterion CONV_min*(1+p->Escale) is 2.181013e-07!
abserr is 2.756209e-07, but the convergence criterion CONV_min*(1+p->Escale) is 2.181013e-07!
abserr is 3.625150e-05, but the convergence criterion CONV_min*(1+p->Escale) is 2.181013e-07!
abserr is 1.240385e-07, but the convergence criterion CONV_min*(1+p->Escale) is 2.181013e-07!
abserr is 1.543549e-07, but the convergence criterion CONV_min*(1+p->Escale) is 2.181013e-07!
abserr is 2.201173e-05, but the convergence criterion CONV_min*(1+p->Escale) is 2.181013e-07!
abserr is 2.149879e-07, but the convergence criterion CONV_min*(1+p->Escale) is 2.181013e-07!
a-alpha = 3.579022e-10, fpa = 2.029662e-07
abserr is 5.049232e-05, but the convergence criterion CONV_min*(1+p->Escale) is 2.181013e-07!
abserr is 1.240385e-07, but the convergence criterion CONV_min*(1+p->Escale) is 2.181013e-07!
abserr is 3.059374e-07, but the convergence criterion CONV_min*(1+p->Escale) is 2.181013e-07!
abserr is 9.321327e-05, but the convergence criterion CONV_min*(1+p->Escale) is 2.181013e-07!
abserr is 2.453044e-07, but the convergence criterion CONV_min*(1+p->Escale) is 2.181013e-07!
abserr is 7.770991e-06, but the convergence criterion CONV_min*(1+p->Escale) is 2.181013e-07!
abserr is 1.924762e-07, but the convergence criterion CONV_min*(1+p->Escale) is 2.181013e-07!
abserr is 4.337036e-05, but the convergence criterion CONV_min*(1+p->Escale) is 2.181013e-07!
abserr is 4.272034e-07, but the convergence criterion CONV_min*(1+p->Escale) is 2.181013e-07!
