Restoring modules from user's standard_modules
parameter values for minimization:
K33 = 3.000000e+01
k24 = 1.000000e+00
Lambda = 1.000000e+00
d0 = 1.000000e+00
omega = 1.000000e+00
gamma_s = 2.000000e-02
initial guesses for R, eta, and delta:
guess for R = 1.000000e-03
guess for eta = 6.300000e+00
guess for delta = 8.100000e-01
estimated ranges of R, eta, and delta:
upper bound estimate of R = 5.000000e-01
lower bound estimate of R = 1.000000e-02
upper bound estimate of eta = 6.350000e+00
lower bound estimate of eta = 6.290000e+00
upper bound estimate of delta = 8.160000e-01
lower bound estimate of delta = 8.000000e-01
abserr is 5.810977e-05, but the convergence criterion CONV_min*(1+p->Escale) is 1.000000e-08!
abserr is 1.543308e-07, but the convergence criterion CONV_min*(1+p->Escale) is 1.000000e-08!
abserr is 1.240140e-07, but the convergence criterion CONV_min*(1+p->Escale) is 1.000000e-08!
    iteration	            R	          eta	        delta	            E	         dEdR	       dEdeta	     dEddelta	    grad norm
abserr is 2.201604e-05, but the convergence criterion CONV_min*(1+p->Escale) is 2.163818e-07!
abserr is 1.240162e-07, but the convergence criterion CONV_min*(1+p->Escale) is 2.163818e-07!
abserr is 5.775637e-05, but the convergence criterion CONV_min*(1+p->Escale) is 2.164349e-07!
abserr is 3.665481e-07, but the convergence criterion CONV_min*(1+p->Escale) is 2.164349e-07!
abserr is 7.786627e-06, but the convergence criterion CONV_min*(1+p->Escale) is 2.164349e-07!
abserr is 4.742461e-07, but the convergence criterion CONV_min*(1+p->Escale) is 2.164349e-07!
abserr is 1.928637e-07, but the convergence criterion CONV_min*(1+p->Escale) is 2.164349e-07!
abserr is 1.492581e-05, but the convergence criterion CONV_min*(1+p->Escale) is 2.164349e-07!
abserr is 1.846492e-07, but the convergence criterion CONV_min*(1+p->Escale) is 2.164349e-07!
abserr is 1.846492e-07, but the convergence criterion CONV_min*(1+p->Escale) is 2.164349e-07!
abserr is 6.476529e-07, but the convergence criterion CONV_min*(1+p->Escale) is 2.164349e-07!
abserr is 3.968646e-07, but the convergence criterion CONV_min*(1+p->Escale) is 2.164349e-07!
abserr is 8.631739e-05, but the convergence criterion CONV_min*(1+p->Escale) is 2.164349e-07!
abserr is 8.631758e-05, but the convergence criterion CONV_min*(1+p->Escale) is 2.164349e-07!
abserr is 1.543327e-07, but the convergence criterion CONV_min*(1+p->Escale) is 2.164349e-07!
a-alpha = 3.344613e-12, fpa = 5.668095e-06
abserr is 9.345622e-05, but the convergence criterion CONV_min*(1+p->Escale) is 2.164349e-07!
abserr is 2.755987e-07, but the convergence criterion CONV_min*(1+p->Escale) is 2.164349e-07!
abserr is 5.775997e-05, but the convergence criterion CONV_min*(1+p->Escale) is 2.164349e-07!
abserr is 7.303460e-07, but the convergence criterion CONV_min*(1+p->Escale) is 2.164349e-07!
abserr is 4.271811e-07, but the convergence criterion CONV_min*(1+p->Escale) is 2.164349e-07!
a-alpha = -4.848040e-10, fpa = -4.189682e-07
abserr is 2.920376e-05, but the convergence criterion CONV_min*(1+p->Escale) is 2.164349e-07!
abserr is 3.059152e-07, but the convergence criterion CONV_min*(1+p->Escale) is 2.164349e-07!
abserr is 6.476770e-07, but the convergence criterion CONV_min*(1+p->Escale) is 2.164349e-07!
abserr is 1.543327e-07, but the convergence criterion CONV_min*(1+p->Escale) is 2.164349e-07!
abserr is 8.631663e-05, but the convergence criterion CONV_min*(1+p->Escale) is 2.164349e-07!
abserr is 1.684820e-07, but the convergence criterion CONV_min*(1+p->Escale) is 2.164349e-07!
abserr is 7.203924e-05, but the convergence criterion CONV_min*(1+p->Escale) is 2.164349e-07!
abserr is 1.240162e-07, but the convergence criterion CONV_min*(1+p->Escale) is 2.164349e-07!
abserr is 1.543327e-07, but the convergence criterion CONV_min*(1+p->Escale) is 2.164349e-07!
abserr is 9.345686e-05, but the convergence criterion CONV_min*(1+p->Escale) is 2.164349e-07!
abserr is 2.149657e-07, but the convergence criterion CONV_min*(1+p->Escale) is 2.164349e-07!
abserr is 1.492603e-05, but the convergence criterion CONV_min*(1+p->Escale) is 2.164349e-07!
abserr is 2.149657e-07, but the convergence criterion CONV_min*(1+p->Escale) is 2.164349e-07!
abserr is 2.452822e-07, but the convergence criterion CONV_min*(1+p->Escale) is 2.164349e-07!
abserr is 2.920428e-05, but the convergence criterion CONV_min*(1+p->Escale) is 2.164349e-07!
abserr is 3.968646e-07, but the convergence criterion CONV_min*(1+p->Escale) is 2.164349e-07!
a-alpha = 6.621242e-11, fpa = 2.757766e-07
abserr is 5.776055e-05, but the convergence criterion CONV_min*(1+p->Escale) is 2.164349e-07!
abserr is 3.634334e-05, but the convergence criterion CONV_min*(1+p->Escale) is 2.164349e-07!
abserr is 2.755987e-07, but the convergence criterion CONV_min*(1+p->Escale) is 2.164349e-07!
a-alpha = -8.414867e-11, fpa = -7.058768e-07
abserr is 8.631705e-05, but the convergence criterion CONV_min*(1+p->Escale) is 2.164349e-07!
abserr is 2.206515e-05, but the convergence criterion CONV_min*(1+p->Escale) is 2.164349e-07!
abserr is 1.240162e-07, but the convergence criterion CONV_min*(1+p->Escale) is 2.164349e-07!
a-alpha = 2.534739e-09, fpa = 6.542390e-08
abserr is 2.920422e-05, but the convergence criterion CONV_min*(1+p->Escale) is 2.164349e-07!
abserr is 3.665481e-07, but the convergence criterion CONV_min*(1+p->Escale) is 2.164349e-07!
a-alpha = -2.115557e-10, fpa = -3.070772e-07
abserr is 7.786785e-06, but the convergence criterion CONV_min*(1+p->Escale) is 2.164349e-07!
abserr is 1.543327e-07, but the convergence criterion CONV_min*(1+p->Escale) is 2.164349e-07!
abserr is 6.476622e-07, but the convergence criterion CONV_min*(1+p->Escale) is 2.164349e-07!
abserr is 4.271811e-07, but the convergence criterion CONV_min*(1+p->Escale) is 2.164349e-07!
abserr is 1.240162e-07, but the convergence criterion CONV_min*(1+p->Escale) is 2.164349e-07!
a-alpha = 2.698557e-12, fpa = 3.393937e-05
abserr is 2.206510e-05, but the convergence criterion CONV_min*(1+p->Escale) is 2.164349e-07!
abserr is 3.059152e-07, but the convergence criterion CONV_min*(1+p->Escale) is 2.164349e-07!
abserr is 4.271811e-07, but the convergence criterion CONV_min*(1+p->Escale) is 2.164349e-07!
abserr is 7.787025e-06, but the convergence criterion CONV_min*(1+p->Escale) is 2.164349e-07!
abserr is 1.791270e-04, but the convergence criterion CONV_min*(1+p->Escale) is 2.164349e-07!
abserr is 2.149657e-07, but the convergence criterion CONV_min*(1+p->Escale) is 2.164349e-07!
a-alpha = 1.507407e-09, fpa = 1.287274e-07
abserr is 9.345695e-05, but the convergence criterion CONV_min*(1+p->Escale) is 2.164349e-07!
abserr is 2.755987e-07, but the convergence criterion CONV_min*(1+p->Escale) is 2.164349e-07!
abserr is 7.786780e-06, but the convergence criterion CONV_min*(1+p->Escale) is 2.164349e-07!
abserr is 1.543327e-07, but the convergence criterion CONV_min*(1+p->Escale) is 2.164349e-07!
abserr is 1.543327e-07, but the convergence criterion CONV_min*(1+p->Escale) is 2.164349e-07!
abserr is 6.476524e-07, but the convergence criterion CONV_min*(1+p->Escale) is 2.164349e-07!
abserr is 3.059152e-07, but the convergence criterion CONV_min*(1+p->Escale) is 2.164349e-07!
abserr is 8.631717e-05, but the convergence criterion CONV_min*(1+p->Escale) is 2.164349e-07!
abserr is 3.968646e-07, but the convergence criterion CONV_min*(1+p->Escale) is 2.164349e-07!
a-alpha = -1.012550e-10, fpa = -4.122626e-07
abserr is 7.203835e-05, but the convergence criterion CONV_min*(1+p->Escale) is 2.164349e-07!
abserr is 2.180139e-07, but the convergence criterion CONV_min*(1+p->Escale) is 2.164349e-07!
a-alpha = -2.151414e-10, fpa = -3.499053e-07
abserr is 6.476512e-07, but the convergence criterion CONV_min*(1+p->Escale) is 2.164349e-07!
abserr is 1.240162e-07, but the convergence criterion CONV_min*(1+p->Escale) is 2.164349e-07!
a-alpha = -2.083050e-11, fpa = -1.058125e-05
abserr is 8.631688e-05, but the convergence criterion CONV_min*(1+p->Escale) is 2.164349e-07!
abserr is 3.665481e-07, but the convergence criterion CONV_min*(1+p->Escale) is 2.164349e-07!
abserr is 7.917805e-05, but the convergence criterion CONV_min*(1+p->Escale) is 2.164349e-07!
abserr is 5.181306e-07, but the convergence criterion CONV_min*(1+p->Escale) is 2.164349e-07!
abserr is 6.489976e-05, but the convergence criterion CONV_min*(1+p->Escale) is 2.164349e-07!
abserr is 5.787636e-07, but the convergence criterion CONV_min*(1+p->Escale) is 2.164349e-07!
abserr is 1.240162e-07, but the convergence criterion CONV_min*(1+p->Escale) is 2.164349e-07!
a-alpha = -1.372604e-11, fpa = -4.471992e-06
abserr is 1.291517e-04, but the convergence criterion CONV_min*(1+p->Escale) is 2.164349e-07!
a-alpha = -9.625224e-11, fpa = -1.968557e-06
abserr is 1.505690e-04, but the convergence criterion CONV_min*(1+p->Escale) is 2.164349e-07!
abserr is 5.181306e-07, but the convergence criterion CONV_min*(1+p->Escale) is 2.164349e-07!
abserr is 2.755987e-07, but the convergence criterion CONV_min*(1+p->Escale) is 2.164349e-07!
a-alpha = -9.514460e-13, fpa = -2.169311e-05
abserr is 5.776054e-05, but the convergence criterion CONV_min*(1+p->Escale) is 2.164349e-07!
abserr is 3.968646e-07, but the convergence criterion CONV_min*(1+p->Escale) is 2.164349e-07!
abserr is 3.059152e-07, but the convergence criterion CONV_min*(1+p->Escale) is 2.164349e-07!
abserr is 6.476907e-07, but the convergence criterion CONV_min*(1+p->Escale) is 2.164349e-07!
abserr is 2.452822e-07, but the convergence criterion CONV_min*(1+p->Escale) is 2.164349e-07!
abserr is 1.846492e-07, but the convergence criterion CONV_min*(1+p->Escale) is 2.164349e-07!
abserr is 1.492610e-05, but the convergence criterion CONV_min*(1+p->Escale) is 2.164349e-07!
abserr is 3.634345e-05, but the convergence criterion CONV_min*(1+p->Escale) is 2.164349e-07!
abserr is 3.362317e-07, but the convergence criterion CONV_min*(1+p->Escale) is 2.164349e-07!
abserr is 1.543327e-07, but the convergence criterion CONV_min*(1+p->Escale) is 2.164349e-07!
abserr is 2.920445e-05, but the convergence criterion CONV_min*(1+p->Escale) is 2.164349e-07!
abserr is 6.490063e-05, but the convergence criterion CONV_min*(1+p->Escale) is 2.164349e-07!
abserr is 2.711126e-07, but the convergence criterion CONV_min*(1+p->Escale) is 2.164349e-07!
abserr is 2.755987e-07, but the convergence criterion CONV_min*(1+p->Escale) is 2.164349e-07!
abserr is 1.492535e-05, but the convergence criterion CONV_min*(1+p->Escale) is 2.164349e-07!
abserr is 7.917479e-05, but the convergence criterion CONV_min*(1+p->Escale) is 2.164349e-07!
abserr is 6.477301e-07, but the convergence criterion CONV_min*(1+p->Escale) is 2.164349e-07!
abserr is 3.362317e-07, but the convergence criterion CONV_min*(1+p->Escale) is 2.164349e-07!
abserr is 3.634175e-05, but the convergence criterion CONV_min*(1+p->Escale) is 2.164349e-07!
abserr is 3.634181e-05, but the convergence criterion CONV_min*(1+p->Escale) is 2.164349e-07!
abserr is 1.543327e-07, but the convergence criterion CONV_min*(1+p->Escale) is 2.164349e-07!
abserr is 1.240162e-07, but the convergence criterion CONV_min*(1+p->Escale) is 2.164349e-07!
a-alpha = -7.126484e-11, fpa = -2.064913e-07
abserr is 1.492537e-05, but the convergence criterion CONV_min*(1+p->Escale) is 2.164349e-07!
abserr is 1.240162e-07, but the convergence criterion CONV_min*(1+p->Escale) is 2.164349e-07!
abserr is 7.917792e-05, but the convergence criterion CONV_min*(1+p->Escale) is 2.164349e-07!
abserr is 2.149657e-07, but the convergence criterion CONV_min*(1+p->Escale) is 2.164349e-07!
abserr is 2.920401e-05, but the convergence criterion CONV_min*(1+p->Escale) is 2.164349e-07!
abserr is 1.240162e-07, but the convergence criterion CONV_min*(1+p->Escale) is 2.164349e-07!
a-alpha = -1.356021e-10, fpa = -9.928253e-08
abserr is 1.005954e-04, but the convergence criterion CONV_min*(1+p->Escale) is 2.164349e-07!
abserr is 1.928637e-07, but the convergence criterion CONV_min*(1+p->Escale) is 2.164349e-07!
a-alpha = -1.562500e-11, fpa = -7.394386e-07
abserr is 5.062143e-05, but the convergence criterion CONV_min*(1+p->Escale) is 2.164349e-07!
abserr is 1.684820e-07, but the convergence criterion CONV_min*(1+p->Escale) is 2.164349e-07!
a-alpha = -1.562500e-11, fpa = -2.246646e-06
abserr is 5.062154e-05, but the convergence criterion CONV_min*(1+p->Escale) is 2.164349e-07!
abserr is 2.755987e-07, but the convergence criterion CONV_min*(1+p->Escale) is 2.164349e-07!
abserr is 1.220130e-04, but the convergence criterion CONV_min*(1+p->Escale) is 2.164349e-07!
abserr is 3.362317e-07, but the convergence criterion CONV_min*(1+p->Escale) is 2.164349e-07!
a-alpha = 1.562500e-11, fpa = 2.735581e-06
abserr is 6.476545e-07, but the convergence criterion CONV_min*(1+p->Escale) is 2.164349e-07!
abserr is 3.362317e-07, but the convergence criterion CONV_min*(1+p->Escale) is 2.164349e-07!
abserr is 2.149657e-07, but the convergence criterion CONV_min*(1+p->Escale) is 2.164349e-07!
abserr is 4.348258e-05, but the convergence criterion CONV_min*(1+p->Escale) is 2.164349e-07!
abserr is 2.755987e-07, but the convergence criterion CONV_min*(1+p->Escale) is 2.164349e-07!
a-alpha = -2.630264e-10, fpa = -5.108867e-07
abserr is 2.206522e-05, but the convergence criterion CONV_min*(1+p->Escale) is 2.164349e-07!
abserr is 2.149657e-07, but the convergence criterion CONV_min*(1+p->Escale) is 2.164349e-07!
abserr is 6.490031e-05, but the convergence criterion CONV_min*(1+p->Escale) is 2.164349e-07!
abserr is 1.846492e-07, but the convergence criterion CONV_min*(1+p->Escale) is 2.164349e-07!
abserr is 1.005964e-04, but the convergence criterion CONV_min*(1+p->Escale) is 2.164349e-07!
abserr is 5.484471e-07, but the convergence criterion CONV_min*(1+p->Escale) is 2.164349e-07!
abserr is 5.062170e-05, but the convergence criterion CONV_min*(1+p->Escale) is 2.164349e-07!
abserr is 3.665481e-07, but the convergence criterion CONV_min*(1+p->Escale) is 2.164349e-07!
abserr is 1.240162e-07, but the convergence criterion CONV_min*(1+p->Escale) is 2.164349e-07!
abserr is 2.920481e-05, but the convergence criterion CONV_min*(1+p->Escale) is 2.164349e-07!
abserr is 1.240162e-07, but the convergence criterion CONV_min*(1+p->Escale) is 2.164349e-07!
abserr is 1.846492e-07, but the convergence criterion CONV_min*(1+p->Escale) is 2.164349e-07!
abserr is 1.505695e-04, but the convergence criterion CONV_min*(1+p->Escale) is 2.164349e-07!
abserr is 2.149657e-07, but the convergence criterion CONV_min*(1+p->Escale) is 2.164349e-07!
abserr is 1.684820e-07, but the convergence criterion CONV_min*(1+p->Escale) is 2.164349e-07!
abserr is 2.206540e-05, but the convergence criterion CONV_min*(1+p->Escale) is 2.164349e-07!
abserr is 3.362317e-07, but the convergence criterion CONV_min*(1+p->Escale) is 2.164349e-07!
abserr is 2.920446e-05, but the convergence criterion CONV_min*(1+p->Escale) is 2.164349e-07!
abserr is 1.543327e-07, but the convergence criterion CONV_min*(1+p->Escale) is 2.164349e-07!
abserr is 1.148739e-04, but the convergence criterion CONV_min*(1+p->Escale) is 2.164349e-07!
abserr is 3.059152e-07, but the convergence criterion CONV_min*(1+p->Escale) is 2.164349e-07!
abserr is 3.665481e-07, but the convergence criterion CONV_min*(1+p->Escale) is 2.164349e-07!
abserr is 8.631732e-05, but the convergence criterion CONV_min*(1+p->Escale) is 2.164349e-07!
abserr is 3.665481e-07, but the convergence criterion CONV_min*(1+p->Escale) is 2.164349e-07!
a-alpha = 7.920541e-11, fpa = 2.327226e-07
abserr is 6.490005e-05, but the convergence criterion CONV_min*(1+p->Escale) is 2.164349e-07!
abserr is 2.920425e-05, but the convergence criterion CONV_min*(1+p->Escale) is 2.164349e-07!
abserr is 2.755987e-07, but the convergence criterion CONV_min*(1+p->Escale) is 2.164349e-07!
abserr is 2.149657e-07, but the convergence criterion CONV_min*(1+p->Escale) is 2.164349e-07!
a-alpha = -3.376175e-11, fpa = -6.220466e-07
abserr is 5.062153e-05, but the convergence criterion CONV_min*(1+p->Escale) is 2.164349e-07!
abserr is 1.240162e-07, but the convergence criterion CONV_min*(1+p->Escale) is 2.164349e-07!
abserr is 5.062139e-05, but the convergence criterion CONV_min*(1+p->Escale) is 2.164349e-07!
abserr is 1.240162e-07, but the convergence criterion CONV_min*(1+p->Escale) is 2.164349e-07!
abserr is 1.240162e-07, but the convergence criterion CONV_min*(1+p->Escale) is 2.164349e-07!
a-alpha = -7.421875e-12, fpa = -2.472849e-06
abserr is 7.203899e-05, but the convergence criterion CONV_min*(1+p->Escale) is 2.164349e-07!
abserr is 1.543327e-07, but the convergence criterion CONV_min*(1+p->Escale) is 2.164349e-07!
abserr is 7.203854e-05, but the convergence criterion CONV_min*(1+p->Escale) is 2.164349e-07!
abserr is 2.122740e-07, but the convergence criterion CONV_min*(1+p->Escale) is 2.164349e-07!
abserr is 1.846492e-07, but the convergence criterion CONV_min*(1+p->Escale) is 2.164349e-07!
a-alpha = -2.981736e-11, fpa = -7.230775e-06
abserr is 9.345618e-05, but the convergence criterion CONV_min*(1+p->Escale) is 2.164349e-07!
abserr is 2.206502e-05, but the convergence criterion CONV_min*(1+p->Escale) is 2.164349e-07!
abserr is 3.059152e-07, but the convergence criterion CONV_min*(1+p->Escale) is 2.164349e-07!
a-alpha = 7.984952e-10, fpa = 2.096173e-07
abserr is 2.920415e-05, but the convergence criterion CONV_min*(1+p->Escale) is 2.164349e-07!
abserr is 2.149657e-07, but the convergence criterion CONV_min*(1+p->Escale) is 2.164349e-07!
abserr is 3.634360e-05, but the convergence criterion CONV_min*(1+p->Escale) is 2.164349e-07!
abserr is 1.362919e-04, but the convergence criterion CONV_min*(1+p->Escale) is 2.164349e-07!
abserr is 7.917798e-05, but the convergence criterion CONV_min*(1+p->Escale) is 2.164349e-07!
abserr is 4.824244e-07, but the convergence criterion CONV_min*(1+p->Escale) is 2.164349e-07!
abserr is 7.786827e-06, but the convergence criterion CONV_min*(1+p->Escale) is 2.164349e-07!
abserr is 1.543327e-07, but the convergence criterion CONV_min*(1+p->Escale) is 2.164349e-07!
abserr is 2.920446e-05, but the convergence criterion CONV_min*(1+p->Escale) is 2.164349e-07!
abserr is 7.203946e-05, but the convergence criterion CONV_min*(1+p->Escale) is 2.164349e-07!
abserr is 1.997575e-07, but the convergence criterion CONV_min*(1+p->Escale) is 2.164349e-07!
abserr is 2.920421e-05, but the convergence criterion CONV_min*(1+p->Escale) is 2.164349e-07!
abserr is 2.234665e-07, but the convergence criterion CONV_min*(1+p->Escale) is 2.164349e-07!
abserr is 4.383116e-07, but the convergence criterion CONV_min*(1+p->Escale) is 2.164349e-07!
a-alpha = -1.417008e-11, fpa = -9.208702e-07
abserr is 4.348284e-05, but the convergence criterion CONV_min*(1+p->Escale) is 2.164349e-07!
abserr is 2.149657e-07, but the convergence criterion CONV_min*(1+p->Escale) is 2.164349e-07!
abserr is 2.755987e-07, but the convergence criterion CONV_min*(1+p->Escale) is 2.164349e-07!
abserr is 4.348258e-05, but the convergence criterion CONV_min*(1+p->Escale) is 2.164349e-07!
abserr is 1.846492e-07, but the convergence criterion CONV_min*(1+p->Escale) is 2.164349e-07!
abserr is 5.062205e-05, but the convergence criterion CONV_min*(1+p->Escale) is 2.164349e-07!
abserr is 1.543327e-07, but the convergence criterion CONV_min*(1+p->Escale) is 2.164349e-07!
abserr is 1.773654e-07, but the convergence criterion CONV_min*(1+p->Escale) is 2.164349e-07!
abserr is 6.476557e-07, but the convergence criterion CONV_min*(1+p->Escale) is 2.164349e-07!
a-alpha = -1.674103e-09, fpa = -3.186765e-08
abserr is 7.786789e-06, but the convergence criterion CONV_min*(1+p->Escale) is 2.164349e-07!
abserr is 1.854384e-07, but the convergence criterion CONV_min*(1+p->Escale) is 2.164349e-07!
abserr is 1.077344e-04, but the convergence criterion CONV_min*(1+p->Escale) is 2.164349e-07!
abserr is 3.665481e-07, but the convergence criterion CONV_min*(1+p->Escale) is 2.164349e-07!
a-alpha = 3.668465e-10, fpa = 2.309210e-07
abserr is 8.631718e-05, but the convergence criterion CONV_min*(1+p->Escale) is 2.164349e-07!
abserr is 1.240162e-07, but the convergence criterion CONV_min*(1+p->Escale) is 2.164349e-07!
abserr is 7.203904e-05, but the convergence criterion CONV_min*(1+p->Escale) is 2.164349e-07!
abserr is 1.846492e-07, but the convergence criterion CONV_min*(1+p->Escale) is 2.164349e-07!
a-alpha = -8.277465e-10, fpa = -2.220791e-07
abserr is 1.005957e-04, but the convergence criterion CONV_min*(1+p->Escale) is 2.164349e-07!
abserr is 1.492601e-05, but the convergence criterion CONV_min*(1+p->Escale) is 2.164349e-07!
abserr is 1.684820e-07, but the convergence criterion CONV_min*(1+p->Escale) is 2.164349e-07!
a-alpha = -2.605862e-09, fpa = -8.414541e-08
abserr is 6.490029e-05, but the convergence criterion CONV_min*(1+p->Escale) is 2.164349e-07!
abserr is 1.543327e-07, but the convergence criterion CONV_min*(1+p->Escale) is 2.164349e-07!
a-alpha = -1.577195e-10, fpa = -1.441633e-07
abserr is 1.492605e-05, but the convergence criterion CONV_min*(1+p->Escale) is 2.164349e-07!
abserr is 1.240162e-07, but the convergence criterion CONV_min*(1+p->Escale) is 2.164349e-07!
abserr is 1.362920e-04, but the convergence criterion CONV_min*(1+p->Escale) is 2.164349e-07!
abserr is 2.452822e-07, but the convergence criterion CONV_min*(1+p->Escale) is 2.164349e-07!
a-alpha = 6.485529e-11, fpa = 4.816627e-07
abserr is 1.492601e-05, but the convergence criterion CONV_min*(1+p->Escale) is 2.164349e-07!
abserr is 2.755987e-07, but the convergence criterion CONV_min*(1+p->Escale) is 2.164349e-07!
abserr is 4.348266e-05, but the convergence criterion CONV_min*(1+p->Escale) is 2.164349e-07!
abserr is 1.240162e-07, but the convergence criterion CONV_min*(1+p->Escale) is 2.164349e-07!
a-alpha = 7.812500e-11, fpa = 4.230767e-07
abserr is 1.005957e-04, but the convergence criterion CONV_min*(1+p->Escale) is 2.164349e-07!
abserr is 1.854384e-07, but the convergence criterion CONV_min*(1+p->Escale) is 2.164349e-07!
abserr is 1.543327e-07, but the convergence criterion CONV_min*(1+p->Escale) is 2.164349e-07!
abserr is 2.920416e-05, but the convergence criterion CONV_min*(1+p->Escale) is 2.164349e-07!
abserr is 1.846492e-07, but the convergence criterion CONV_min*(1+p->Escale) is 2.164349e-07!
a-alpha = -8.146017e-10, fpa = -2.432801e-07
abserr is 2.206511e-05, but the convergence criterion CONV_min*(1+p->Escale) is 2.164349e-07!
abserr is 2.149657e-07, but the convergence criterion CONV_min*(1+p->Escale) is 2.164349e-07!
abserr is 3.634306e-05, but the convergence criterion CONV_min*(1+p->Escale) is 2.164349e-07!
a-alpha = -9.105751e-11, fpa = -4.047202e-07
abserr is 6.476519e-07, but the convergence criterion CONV_min*(1+p->Escale) is 2.164349e-07!
abserr is 1.543327e-07, but the convergence criterion CONV_min*(1+p->Escale) is 2.164349e-07!
abserr is 1.846492e-07, but the convergence criterion CONV_min*(1+p->Escale) is 2.164349e-07!
a-alpha = -5.351214e-11, fpa = -8.852106e-07
abserr is 1.492586e-05, but the convergence criterion CONV_min*(1+p->Escale) is 2.164349e-07!
abserr is 2.206515e-05, but the convergence criterion CONV_min*(1+p->Escale) is 2.164349e-07!
abserr is 2.452822e-07, but the convergence criterion CONV_min*(1+p->Escale) is 2.164349e-07!
abserr is 2.149657e-07, but the convergence criterion CONV_min*(1+p->Escale) is 2.164349e-07!
a-alpha = 9.188223e-11, fpa = 3.529325e-07
abserr is 2.206506e-05, but the convergence criterion CONV_min*(1+p->Escale) is 2.164349e-07!
abserr is 1.846492e-07, but the convergence criterion CONV_min*(1+p->Escale) is 2.164349e-07!
abserr is 3.634290e-05, but the convergence criterion CONV_min*(1+p->Escale) is 2.164349e-07!
abserr is 3.968646e-07, but the convergence criterion CONV_min*(1+p->Escale) is 2.164349e-07!
abserr is 2.452822e-07, but the convergence criterion CONV_min*(1+p->Escale) is 2.164349e-07!
abserr is 2.920385e-05, but the convergence criterion CONV_min*(1+p->Escale) is 2.164349e-07!
abserr is 2.149657e-07, but the convergence criterion CONV_min*(1+p->Escale) is 2.164349e-07!
a-alpha = -1.552615e-10, fpa = -1.478177e-07
abserr is 9.345582e-05, but the convergence criterion CONV_min*(1+p->Escale) is 2.164349e-07!
abserr is 2.920418e-05, but the convergence criterion CONV_min*(1+p->Escale) is 2.164349e-07!
abserr is 1.543327e-07, but the convergence criterion CONV_min*(1+p->Escale) is 2.164349e-07!
abserr is 6.476534e-07, but the convergence criterion CONV_min*(1+p->Escale) is 2.164349e-07!
abserr is 1.543327e-07, but the convergence criterion CONV_min*(1+p->Escale) is 2.164349e-07!
a-alpha = 3.785976e-10, fpa = 1.631330e-07
abserr is 5.776043e-05, but the convergence criterion CONV_min*(1+p->Escale) is 2.164349e-07!
abserr is 1.240162e-07, but the convergence criterion CONV_min*(1+p->Escale) is 2.164349e-07!
abserr is 9.345709e-05, but the convergence criterion CONV_min*(1+p->Escale) is 2.164349e-07!
abserr is 1.240162e-07, but the convergence criterion CONV_min*(1+p->Escale) is 2.164349e-07!
abserr is 1.240162e-07, but the convergence criterion CONV_min*(1+p->Escale) is 2.164349e-07!
a-alpha = 4.646063e-10, fpa = 1.752457e-07
abserr is 5.776076e-05, but the convergence criterion CONV_min*(1+p->Escale) is 2.164349e-07!
abserr is 5.776102e-05, but the convergence criterion CONV_min*(1+p->Escale) is 2.164349e-07!
abserr is 1.773655e-07, but the convergence criterion CONV_min*(1+p->Escale) is 2.164349e-07!
a-alpha = 5.220185e-11, fpa = 7.342546e-07
abserr is 5.776096e-05, but the convergence criterion CONV_min*(1+p->Escale) is 2.164349e-07!
abserr is 1.240162e-07, but the convergence criterion CONV_min*(1+p->Escale) is 2.164349e-07!
abserr is 1.846492e-07, but the convergence criterion CONV_min*(1+p->Escale) is 2.164349e-07!
abserr is 7.786823e-06, but the convergence criterion CONV_min*(1+p->Escale) is 2.164349e-07!
abserr is 1.543327e-07, but the convergence criterion CONV_min*(1+p->Escale) is 2.164349e-07!
abserr is 1.492594e-05, but the convergence criterion CONV_min*(1+p->Escale) is 2.164349e-07!
abserr is 2.755987e-07, but the convergence criterion CONV_min*(1+p->Escale) is 2.164349e-07!
a-alpha = 5.408467e-10, fpa = 3.692551e-07
abserr is 6.490034e-05, but the convergence criterion CONV_min*(1+p->Escale) is 2.164349e-07!
abserr is 3.059152e-07, but the convergence criterion CONV_min*(1+p->Escale) is 2.164349e-07!
abserr is 1.846492e-07, but the convergence criterion CONV_min*(1+p->Escale) is 2.164349e-07!
abserr is 5.062160e-05, but the convergence criterion CONV_min*(1+p->Escale) is 2.164349e-07!
a-alpha = 4.300918e-10, fpa = 2.233061e-07
abserr is 1.005958e-04, but the convergence criterion CONV_min*(1+p->Escale) is 2.164349e-07!
abserr is 1.543327e-07, but the convergence criterion CONV_min*(1+p->Escale) is 2.164349e-07!
abserr is 2.149657e-07, but the convergence criterion CONV_min*(1+p->Escale) is 2.164349e-07!
abserr is 2.920418e-05, but the convergence criterion CONV_min*(1+p->Escale) is 2.164349e-07!
abserr is 1.543327e-07, but the convergence criterion CONV_min*(1+p->Escale) is 2.164349e-07!
abserr is 4.348255e-05, but the convergence criterion CONV_min*(1+p->Escale) is 2.164349e-07!
abserr is 4.478431e-07, but the convergence criterion CONV_min*(1+p->Escale) is 2.164349e-07!
abserr is 1.846492e-07, but the convergence criterion CONV_min*(1+p->Escale) is 2.164349e-07!
abserr is 1.005956e-04, but the convergence criterion CONV_min*(1+p->Escale) is 2.164349e-07!
abserr is 1.543327e-07, but the convergence criterion CONV_min*(1+p->Escale) is 2.164349e-07!
a-alpha = 3.674406e-10, fpa = 4.232434e-07
abserr is 5.776081e-05, but the convergence criterion CONV_min*(1+p->Escale) is 2.164349e-07!
abserr is 6.697130e-07, but the convergence criterion CONV_min*(1+p->Escale) is 2.164349e-07!
abserr is 1.543327e-07, but the convergence criterion CONV_min*(1+p->Escale) is 2.164349e-07!
abserr is 1.492593e-05, but the convergence criterion CONV_min*(1+p->Escale) is 2.164349e-07!
abserr is 1.240162e-07, but the convergence criterion CONV_min*(1+p->Escale) is 2.164349e-07!
a-alpha = 2.331373e-10, fpa = 4.305066e-07
abserr is 5.062186e-05, but the convergence criterion CONV_min*(1+p->Escale) is 2.164349e-07!
a-alpha = -5.684897e-12, fpa = -2.208979e-06
abserr is 6.490017e-05, but the convergence criterion CONV_min*(1+p->Escale) is 2.164349e-07!
abserr is 1.492591e-05, but the convergence criterion CONV_min*(1+p->Escale) is 2.164349e-07!
a-alpha = -1.811556e-11, fpa = -1.206965e-06
abserr is 3.634343e-05, but the convergence criterion CONV_min*(1+p->Escale) is 2.164349e-07!
abserr is 7.786802e-06, but the convergence criterion CONV_min*(1+p->Escale) is 2.164349e-07!
abserr is 1.240162e-07, but the convergence criterion CONV_min*(1+p->Escale) is 2.164349e-07!
abserr is 1.240162e-07, but the convergence criterion CONV_min*(1+p->Escale) is 2.164349e-07!
a-alpha = 7.394466e-13, fpa = 3.238379e-05
abserr is 6.476583e-07, but the convergence criterion CONV_min*(1+p->Escale) is 2.164349e-07!
abserr is 2.755987e-07, but the convergence criterion CONV_min*(1+p->Escale) is 2.164349e-07!
abserr is 3.634342e-05, but the convergence criterion CONV_min*(1+p->Escale) is 2.164349e-07!
abserr is 2.452822e-07, but the convergence criterion CONV_min*(1+p->Escale) is 2.164349e-07!
abserr is 2.206526e-05, but the convergence criterion CONV_min*(1+p->Escale) is 2.164349e-07!
abserr is 2.755987e-07, but the convergence criterion CONV_min*(1+p->Escale) is 2.164349e-07!
abserr is 1.773654e-07, but the convergence criterion CONV_min*(1+p->Escale) is 2.164349e-07!
abserr is 5.062252e-05, but the convergence criterion CONV_min*(1+p->Escale) is 2.164349e-07!
abserr is 7.917991e-05, but the convergence criterion CONV_min*(1+p->Escale) is 2.164349e-07!
abserr is 1.846492e-07, but the convergence criterion CONV_min*(1+p->Escale) is 2.164349e-07!
abserr is 3.634424e-05, but the convergence criterion CONV_min*(1+p->Escale) is 2.164349e-07!
abserr is 2.149657e-07, but the convergence criterion CONV_min*(1+p->Escale) is 2.164349e-07!
abserr is 5.062282e-05, but the convergence criterion CONV_min*(1+p->Escale) is 2.164349e-07!
abserr is 2.755987e-07, but the convergence criterion CONV_min*(1+p->Escale) is 2.164349e-07!
a-alpha = -6.947651e-10, fpa = -2.619300e-07
abserr is 7.917962e-05, but the convergence criterion CONV_min*(1+p->Escale) is 2.164349e-07!
abserr is 6.476525e-07, but the convergence criterion CONV_min*(1+p->Escale) is 2.164349e-07!
abserr is 3.968646e-07, but the convergence criterion CONV_min*(1+p->Escale) is 2.164349e-07!
abserr is 3.634297e-05, but the convergence criterion CONV_min*(1+p->Escale) is 2.164349e-07!
abserr is 1.846492e-07, but the convergence criterion CONV_min*(1+p->Escale) is 2.164349e-07!
a-alpha = 2.047451e-11, fpa = 6.525571e-07
abserr is 2.920376e-05, but the convergence criterion CONV_min*(1+p->Escale) is 2.164349e-07!
abserr is 1.434298e-04, but the convergence criterion CONV_min*(1+p->Escale) is 2.164349e-07!
abserr is 3.059152e-07, but the convergence criterion CONV_min*(1+p->Escale) is 2.164349e-07!
abserr is 1.362912e-04, but the convergence criterion CONV_min*(1+p->Escale) is 2.164349e-07!
abserr is 2.755987e-07, but the convergence criterion CONV_min*(1+p->Escale) is 2.164349e-07!
a-alpha = -3.228522e-11, fpa = -1.276908e-07
abserr is 1.362921e-04, but the convergence criterion CONV_min*(1+p->Escale) is 2.164349e-07!
abserr is 1.240162e-07, but the convergence criterion CONV_min*(1+p->Escale) is 2.164349e-07!
abserr is 4.348248e-05, but the convergence criterion CONV_min*(1+p->Escale) is 2.164349e-07!
abserr is 7.203871e-05, but the convergence criterion CONV_min*(1+p->Escale) is 2.164349e-07!
abserr is 2.149657e-07, but the convergence criterion CONV_min*(1+p->Escale) is 2.164349e-07!
a-alpha = -1.620659e-10, fpa = -1.066751e-06
abserr is 7.786778e-06, but the convergence criterion CONV_min*(1+p->Escale) is 2.164349e-07!
abserr is 1.846492e-07, but the convergence criterion CONV_min*(1+p->Escale) is 2.164349e-07!
abserr is 1.684820e-07, but the convergence criterion CONV_min*(1+p->Escale) is 2.164349e-07!
abserr is 1.492608e-05, but the convergence criterion CONV_min*(1+p->Escale) is 2.164349e-07!
abserr is 1.543327e-07, but the convergence criterion CONV_min*(1+p->Escale) is 2.164349e-07!
abserr is 1.148742e-04, but the convergence criterion CONV_min*(1+p->Escale) is 2.164349e-07!
abserr is 1.846492e-07, but the convergence criterion CONV_min*(1+p->Escale) is 2.164349e-07!
abserr is 2.206515e-05, but the convergence criterion CONV_min*(1+p->Escale) is 2.164349e-07!
abserr is 1.684820e-07, but the convergence criterion CONV_min*(1+p->Escale) is 2.164349e-07!
a-alpha = 1.763509e-10, fpa = 2.441215e-07
abserr is 2.206507e-05, but the convergence criterion CONV_min*(1+p->Escale) is 2.164349e-07!
abserr is 2.206531e-05, but the convergence criterion CONV_min*(1+p->Escale) is 2.164349e-07!
abserr is 1.543327e-07, but the convergence criterion CONV_min*(1+p->Escale) is 2.164349e-07!
abserr is 2.149657e-07, but the convergence criterion CONV_min*(1+p->Escale) is 2.164349e-07!
abserr is 5.776107e-05, but the convergence criterion CONV_min*(1+p->Escale) is 2.164349e-07!
abserr is 1.543327e-07, but the convergence criterion CONV_min*(1+p->Escale) is 2.164349e-07!
a-alpha = -2.031510e-10, fpa = -2.286604e-07
abserr is 8.631729e-05, but the convergence criterion CONV_min*(1+p->Escale) is 2.164349e-07!
abserr is 3.362317e-07, but the convergence criterion CONV_min*(1+p->Escale) is 2.164349e-07!
abserr is 7.786798e-06, but the convergence criterion CONV_min*(1+p->Escale) is 2.164349e-07!
abserr is 3.362317e-07, but the convergence criterion CONV_min*(1+p->Escale) is 2.164349e-07!
abserr is 1.543327e-07, but the convergence criterion CONV_min*(1+p->Escale) is 2.164349e-07!
abserr is 1.492602e-05, but the convergence criterion CONV_min*(1+p->Escale) is 2.164349e-07!
abserr is 2.149657e-07, but the convergence criterion CONV_min*(1+p->Escale) is 2.164349e-07!
a-alpha = -3.974319e-10, fpa = -3.217683e-07
abserr is 5.776081e-05, but the convergence criterion CONV_min*(1+p->Escale) is 2.164349e-07!
abserr is 1.846492e-07, but the convergence criterion CONV_min*(1+p->Escale) is 2.164349e-07!
abserr is 2.206487e-05, but the convergence criterion CONV_min*(1+p->Escale) is 2.164349e-07!
abserr is 3.968646e-07, but the convergence criterion CONV_min*(1+p->Escale) is 2.164349e-07!
a-alpha = -2.968750e-10, fpa = -7.713444e-08
abserr is 2.920394e-05, but the convergence criterion CONV_min*(1+p->Escale) is 2.164349e-07!
abserr is 3.059152e-07, but the convergence criterion CONV_min*(1+p->Escale) is 2.164349e-07!
abserr is 4.824243e-07, but the convergence criterion CONV_min*(1+p->Escale) is 2.164349e-07!
abserr is 7.786851e-06, but the convergence criterion CONV_min*(1+p->Escale) is 2.164349e-07!
abserr is 3.059152e-07, but the convergence criterion CONV_min*(1+p->Escale) is 2.164349e-07!
abserr is 1.291516e-04, but the convergence criterion CONV_min*(1+p->Escale) is 2.164349e-07!
abserr is 2.062057e-07, but the convergence criterion CONV_min*(1+p->Escale) is 2.164349e-07!
abserr is 1.854384e-07, but the convergence criterion CONV_min*(1+p->Escale) is 2.164349e-07!
a-alpha = -3.677729e-10, fpa = -5.316065e-07
abserr is 2.206508e-05, but the convergence criterion CONV_min*(1+p->Escale) is 2.164349e-07!
abserr is 2.429931e-07, but the convergence criterion CONV_min*(1+p->Escale) is 2.164349e-07!
abserr is 3.059152e-07, but the convergence criterion CONV_min*(1+p->Escale) is 2.164349e-07!
abserr is 1.434306e-04, but the convergence criterion CONV_min*(1+p->Escale) is 2.164349e-07!
abserr is 1.846492e-07, but the convergence criterion CONV_min*(1+p->Escale) is 2.164349e-07!
a-alpha = 4.188984e-11, fpa = 4.595400e-07
abserr is 8.631720e-05, but the convergence criterion CONV_min*(1+p->Escale) is 2.164349e-07!
abserr is 2.336377e-07, but the convergence criterion CONV_min*(1+p->Escale) is 2.164349e-07!
abserr is 4.348258e-05, but the convergence criterion CONV_min*(1+p->Escale) is 2.164349e-07!
abserr is 3.665481e-07, but the convergence criterion CONV_min*(1+p->Escale) is 2.164349e-07!
abserr is 1.005950e-04, but the convergence criterion CONV_min*(1+p->Escale) is 2.164349e-07!
a-alpha = 2.555758e-11, fpa = 5.998852e-07
abserr is 5.062176e-05, but the convergence criterion CONV_min*(1+p->Escale) is 2.164349e-07!
abserr is 3.362317e-07, but the convergence criterion CONV_min*(1+p->Escale) is 2.164349e-07!
abserr is 5.062176e-05, but the convergence criterion CONV_min*(1+p->Escale) is 2.164349e-07!
abserr is 1.543327e-07, but the convergence criterion CONV_min*(1+p->Escale) is 2.164349e-07!
abserr is 2.206500e-05, but the convergence criterion CONV_min*(1+p->Escale) is 2.164349e-07!
a-alpha = -4.878431e-12, fpa = -3.184800e-06
abserr is 7.786796e-06, but the convergence criterion CONV_min*(1+p->Escale) is 2.164349e-07!
abserr is 1.240162e-07, but the convergence criterion CONV_min*(1+p->Escale) is 2.164349e-07!
a-alpha = -2.248700e-12, fpa = -1.064351e-05
abserr is 1.492589e-05, but the convergence criterion CONV_min*(1+p->Escale) is 2.164349e-07!
abserr is 6.477155e-07, but the convergence criterion CONV_min*(1+p->Escale) is 2.164349e-07!
abserr is 1.543327e-07, but the convergence criterion CONV_min*(1+p->Escale) is 2.164349e-07!
abserr is 1.492603e-05, but the convergence criterion CONV_min*(1+p->Escale) is 2.164349e-07!
abserr is 3.968646e-07, but the convergence criterion CONV_min*(1+p->Escale) is 2.164349e-07!
abserr is 7.786745e-06, but the convergence criterion CONV_min*(1+p->Escale) is 2.164349e-07!
abserr is 6.489972e-05, but the convergence criterion CONV_min*(1+p->Escale) is 2.164349e-07!
a-alpha = -5.556439e-10, fpa = -2.495292e-07
abserr is 2.920413e-05, but the convergence criterion CONV_min*(1+p->Escale) is 2.164349e-07!
abserr is 2.336377e-07, but the convergence criterion CONV_min*(1+p->Escale) is 2.164349e-07!
a-alpha = -1.630811e-10, fpa = -4.208142e-07
abserr is 7.203883e-05, but the convergence criterion CONV_min*(1+p->Escale) is 2.164349e-07!
a-alpha = -1.190110e-12, fpa = -9.447658e-06
abserr is 7.203920e-05, but the convergence criterion CONV_min*(1+p->Escale) is 2.164349e-07!
abserr is 1.543327e-07, but the convergence criterion CONV_min*(1+p->Escale) is 2.164349e-07!
a-alpha = -3.582730e-12, fpa = -9.066258e-06
abserr is 1.492586e-05, but the convergence criterion CONV_min*(1+p->Escale) is 2.164349e-07!
abserr is 1.240162e-07, but the convergence criterion CONV_min*(1+p->Escale) is 2.164349e-07!
abserr is 5.061692e-05, but the convergence criterion CONV_min*(1+p->Escale) is 2.164349e-07!
abserr is 3.362317e-07, but the convergence criterion CONV_min*(1+p->Escale) is 2.164349e-07!
a-alpha = 9.795762e-11, fpa = 2.229372e-07
abserr is 2.206306e-05, but the convergence criterion CONV_min*(1+p->Escale) is 2.164349e-07!
abserr is 1.240162e-07, but the convergence criterion CONV_min*(1+p->Escale) is 2.164349e-07!
abserr is 1.492560e-05, but the convergence criterion CONV_min*(1+p->Escale) is 2.164349e-07!
abserr is 5.181306e-07, but the convergence criterion CONV_min*(1+p->Escale) is 2.164349e-07!
abserr is 5.776095e-05, but the convergence criterion CONV_min*(1+p->Escale) is 2.164349e-07!
abserr is 1.997575e-07, but the convergence criterion CONV_min*(1+p->Escale) is 2.164349e-07!
abserr is 1.240162e-07, but the convergence criterion CONV_min*(1+p->Escale) is 2.164349e-07!
abserr is 1.005951e-04, but the convergence criterion CONV_min*(1+p->Escale) is 2.164349e-07!
abserr is 4.271811e-07, but the convergence criterion CONV_min*(1+p->Escale) is 2.164349e-07!
a-alpha = -7.013650e-10, fpa = -2.544567e-07
abserr is 8.631683e-05, but the convergence criterion CONV_min*(1+p->Escale) is 2.164349e-07!
abserr is 1.846492e-07, but the convergence criterion CONV_min*(1+p->Escale) is 2.164349e-07!
a-alpha = -8.917312e-10, fpa = -1.045270e-07
abserr is 3.634330e-05, but the convergence criterion CONV_min*(1+p->Escale) is 2.164349e-07!
abserr is 1.846492e-07, but the convergence criterion CONV_min*(1+p->Escale) is 2.164349e-07!
